/*--------------------------------*- C++ -*----------------------------------*\
| =========                 |                                                 |
| \\      /  F ield         | OpenFOAM: The Open Source CFD Toolbox           |
|  \\    /   O peration     | Version:  2.3.0                                 |
|   \\  /    A nd           | Web:      www.OpenFOAM.org                      |
|    \\/     M anipulation  |                                                 |
\*---------------------------------------------------------------------------*/
FoamFile
{
    version     2.0;
    format      ascii;
    class       vectorField;
    location    "constant/polyMesh";
    object      points;
}
// * * * * * * * * * * * * * * * * * * * * * * * * * * * * * * * * * * * * * //


2222
(
(-0.1524 -0.01524 -0.001)
(-0.149352 -0.01524 -0.001)
(-0.146304 -0.01524 -0.001)
(-0.143256 -0.01524 -0.001)
(-0.140208 -0.01524 -0.001)
(-0.13716 -0.01524 -0.001)
(-0.134112 -0.01524 -0.001)
(-0.131064 -0.01524 -0.001)
(-0.128016 -0.01524 -0.001)
(-0.124968 -0.01524 -0.001)
(-0.12192 -0.01524 -0.001)
(-0.118872 -0.01524 -0.001)
(-0.115824 -0.01524 -0.001)
(-0.112776 -0.01524 -0.001)
(-0.109728 -0.01524 -0.001)
(-0.10668 -0.01524 -0.001)
(-0.103632 -0.01524 -0.001)
(-0.100584 -0.01524 -0.001)
(-0.097536 -0.01524 -0.001)
(-0.094488 -0.01524 -0.001)
(-0.09144 -0.01524 -0.001)
(-0.088392 -0.01524 -0.001)
(-0.085344 -0.01524 -0.001)
(-0.082296 -0.01524 -0.001)
(-0.079248 -0.01524 -0.001)
(-0.0762 -0.01524 -0.001)
(-0.073152 -0.01524 -0.001)
(-0.070104 -0.01524 -0.001)
(-0.067056 -0.01524 -0.001)
(-0.064008 -0.01524 -0.001)
(-0.06096 -0.01524 -0.001)
(-0.057912 -0.01524 -0.001)
(-0.054864 -0.01524 -0.001)
(-0.051816 -0.01524 -0.001)
(-0.048768 -0.01524 -0.001)
(-0.04572 -0.01524 -0.001)
(-0.042672 -0.01524 -0.001)
(-0.039624 -0.01524 -0.001)
(-0.036576 -0.01524 -0.001)
(-0.033528 -0.01524 -0.001)
(-0.03048 -0.01524 -0.001)
(-0.027432 -0.01524 -0.001)
(-0.024384 -0.01524 -0.001)
(-0.021336 -0.01524 -0.001)
(-0.018288 -0.01524 -0.001)
(-0.01524 -0.01524 -0.001)
(-0.012192 -0.01524 -0.001)
(-0.009144 -0.01524 -0.001)
(-0.006096 -0.01524 -0.001)
(-0.003048 -0.01524 -0.001)
(0 -0.01524 -0.001)
(0.003048 -0.01524 -0.001)
(0.006096 -0.01524 -0.001)
(0.009144 -0.01524 -0.001)
(0.012192 -0.01524 -0.001)
(0.01524 -0.01524 -0.001)
(0.018288 -0.01524 -0.001)
(0.021336 -0.01524 -0.001)
(0.024384 -0.01524 -0.001)
(0.027432 -0.01524 -0.001)
(0.03048 -0.01524 -0.001)
(0.033528 -0.01524 -0.001)
(0.036576 -0.01524 -0.001)
(0.039624 -0.01524 -0.001)
(0.042672 -0.01524 -0.001)
(0.04572 -0.01524 -0.001)
(0.048768 -0.01524 -0.001)
(0.051816 -0.01524 -0.001)
(0.054864 -0.01524 -0.001)
(0.057912 -0.01524 -0.001)
(0.06096 -0.01524 -0.001)
(0.064008 -0.01524 -0.001)
(0.067056 -0.01524 -0.001)
(0.070104 -0.01524 -0.001)
(0.073152 -0.01524 -0.001)
(0.0762 -0.01524 -0.001)
(0.079248 -0.01524 -0.001)
(0.082296 -0.01524 -0.001)
(0.085344 -0.01524 -0.001)
(0.088392 -0.01524 -0.001)
(0.09144 -0.01524 -0.001)
(0.094488 -0.01524 -0.001)
(0.097536 -0.01524 -0.001)
(0.100584 -0.01524 -0.001)
(0.103632 -0.01524 -0.001)
(0.10668 -0.01524 -0.001)
(0.109728 -0.01524 -0.001)
(0.112776 -0.01524 -0.001)
(0.115824 -0.01524 -0.001)
(0.118872 -0.01524 -0.001)
(0.12192 -0.01524 -0.001)
(0.124968 -0.01524 -0.001)
(0.128016 -0.01524 -0.001)
(0.131064 -0.01524 -0.001)
(0.134112 -0.01524 -0.001)
(0.13716 -0.01524 -0.001)
(0.140208 -0.01524 -0.001)
(0.143256 -0.01524 -0.001)
(0.146304 -0.01524 -0.001)
(0.149352 -0.01524 -0.001)
(0.1524 -0.01524 -0.001)
(-0.1524 -0.012192 -0.001)
(-0.149352 -0.012192 -0.001)
(-0.146304 -0.012192 -0.001)
(-0.143256 -0.012192 -0.001)
(-0.140208 -0.012192 -0.001)
(-0.13716 -0.012192 -0.001)
(-0.134112 -0.012192 -0.001)
(-0.131064 -0.012192 -0.001)
(-0.128016 -0.012192 -0.001)
(-0.124968 -0.012192 -0.001)
(-0.12192 -0.012192 -0.001)
(-0.118872 -0.012192 -0.001)
(-0.115824 -0.012192 -0.001)
(-0.112776 -0.012192 -0.001)
(-0.109728 -0.012192 -0.001)
(-0.10668 -0.012192 -0.001)
(-0.103632 -0.012192 -0.001)
(-0.100584 -0.012192 -0.001)
(-0.097536 -0.012192 -0.001)
(-0.094488 -0.012192 -0.001)
(-0.09144 -0.012192 -0.001)
(-0.088392 -0.012192 -0.001)
(-0.085344 -0.012192 -0.001)
(-0.082296 -0.012192 -0.001)
(-0.079248 -0.012192 -0.001)
(-0.0762 -0.012192 -0.001)
(-0.073152 -0.012192 -0.001)
(-0.070104 -0.012192 -0.001)
(-0.067056 -0.012192 -0.001)
(-0.064008 -0.012192 -0.001)
(-0.06096 -0.012192 -0.001)
(-0.057912 -0.012192 -0.001)
(-0.054864 -0.012192 -0.001)
(-0.051816 -0.012192 -0.001)
(-0.048768 -0.012192 -0.001)
(-0.04572 -0.012192 -0.001)
(-0.042672 -0.012192 -0.001)
(-0.039624 -0.012192 -0.001)
(-0.036576 -0.012192 -0.001)
(-0.033528 -0.012192 -0.001)
(-0.03048 -0.012192 -0.001)
(-0.027432 -0.012192 -0.001)
(-0.024384 -0.012192 -0.001)
(-0.021336 -0.012192 -0.001)
(-0.018288 -0.012192 -0.001)
(-0.01524 -0.012192 -0.001)
(-0.012192 -0.012192 -0.001)
(-0.009144 -0.012192 -0.001)
(-0.006096 -0.012192 -0.001)
(-0.003048 -0.012192 -0.001)
(0 -0.012192 -0.001)
(0.003048 -0.012192 -0.001)
(0.006096 -0.012192 -0.001)
(0.009144 -0.012192 -0.001)
(0.012192 -0.012192 -0.001)
(0.01524 -0.012192 -0.001)
(0.018288 -0.012192 -0.001)
(0.021336 -0.012192 -0.001)
(0.024384 -0.012192 -0.001)
(0.027432 -0.012192 -0.001)
(0.03048 -0.012192 -0.001)
(0.033528 -0.012192 -0.001)
(0.036576 -0.012192 -0.001)
(0.039624 -0.012192 -0.001)
(0.042672 -0.012192 -0.001)
(0.04572 -0.012192 -0.001)
(0.048768 -0.012192 -0.001)
(0.051816 -0.012192 -0.001)
(0.054864 -0.012192 -0.001)
(0.057912 -0.012192 -0.001)
(0.06096 -0.012192 -0.001)
(0.064008 -0.012192 -0.001)
(0.067056 -0.012192 -0.001)
(0.070104 -0.012192 -0.001)
(0.073152 -0.012192 -0.001)
(0.0762 -0.012192 -0.001)
(0.079248 -0.012192 -0.001)
(0.082296 -0.012192 -0.001)
(0.085344 -0.012192 -0.001)
(0.088392 -0.012192 -0.001)
(0.09144 -0.012192 -0.001)
(0.094488 -0.012192 -0.001)
(0.097536 -0.012192 -0.001)
(0.100584 -0.012192 -0.001)
(0.103632 -0.012192 -0.001)
(0.10668 -0.012192 -0.001)
(0.109728 -0.012192 -0.001)
(0.112776 -0.012192 -0.001)
(0.115824 -0.012192 -0.001)
(0.118872 -0.012192 -0.001)
(0.12192 -0.012192 -0.001)
(0.124968 -0.012192 -0.001)
(0.128016 -0.012192 -0.001)
(0.131064 -0.012192 -0.001)
(0.134112 -0.012192 -0.001)
(0.13716 -0.012192 -0.001)
(0.140208 -0.012192 -0.001)
(0.143256 -0.012192 -0.001)
(0.146304 -0.012192 -0.001)
(0.149352 -0.012192 -0.001)
(0.1524 -0.012192 -0.001)
(-0.1524 -0.009144 -0.001)
(-0.149352 -0.009144 -0.001)
(-0.146304 -0.009144 -0.001)
(-0.143256 -0.009144 -0.001)
(-0.140208 -0.009144 -0.001)
(-0.13716 -0.009144 -0.001)
(-0.134112 -0.009144 -0.001)
(-0.131064 -0.009144 -0.001)
(-0.128016 -0.009144 -0.001)
(-0.124968 -0.009144 -0.001)
(-0.12192 -0.009144 -0.001)
(-0.118872 -0.009144 -0.001)
(-0.115824 -0.009144 -0.001)
(-0.112776 -0.009144 -0.001)
(-0.109728 -0.009144 -0.001)
(-0.10668 -0.009144 -0.001)
(-0.103632 -0.009144 -0.001)
(-0.100584 -0.009144 -0.001)
(-0.097536 -0.009144 -0.001)
(-0.094488 -0.009144 -0.001)
(-0.09144 -0.009144 -0.001)
(-0.088392 -0.009144 -0.001)
(-0.085344 -0.009144 -0.001)
(-0.082296 -0.009144 -0.001)
(-0.079248 -0.009144 -0.001)
(-0.0762 -0.009144 -0.001)
(-0.073152 -0.009144 -0.001)
(-0.070104 -0.009144 -0.001)
(-0.067056 -0.009144 -0.001)
(-0.064008 -0.009144 -0.001)
(-0.06096 -0.009144 -0.001)
(-0.057912 -0.009144 -0.001)
(-0.054864 -0.009144 -0.001)
(-0.051816 -0.009144 -0.001)
(-0.048768 -0.009144 -0.001)
(-0.04572 -0.009144 -0.001)
(-0.042672 -0.009144 -0.001)
(-0.039624 -0.009144 -0.001)
(-0.036576 -0.009144 -0.001)
(-0.033528 -0.009144 -0.001)
(-0.03048 -0.009144 -0.001)
(-0.027432 -0.009144 -0.001)
(-0.024384 -0.009144 -0.001)
(-0.021336 -0.009144 -0.001)
(-0.018288 -0.009144 -0.001)
(-0.01524 -0.009144 -0.001)
(-0.012192 -0.009144 -0.001)
(-0.009144 -0.009144 -0.001)
(-0.006096 -0.009144 -0.001)
(-0.003048 -0.009144 -0.001)
(0 -0.009144 -0.001)
(0.003048 -0.009144 -0.001)
(0.006096 -0.009144 -0.001)
(0.009144 -0.009144 -0.001)
(0.012192 -0.009144 -0.001)
(0.01524 -0.009144 -0.001)
(0.018288 -0.009144 -0.001)
(0.021336 -0.009144 -0.001)
(0.024384 -0.009144 -0.001)
(0.027432 -0.009144 -0.001)
(0.03048 -0.009144 -0.001)
(0.033528 -0.009144 -0.001)
(0.036576 -0.009144 -0.001)
(0.039624 -0.009144 -0.001)
(0.042672 -0.009144 -0.001)
(0.04572 -0.009144 -0.001)
(0.048768 -0.009144 -0.001)
(0.051816 -0.009144 -0.001)
(0.054864 -0.009144 -0.001)
(0.057912 -0.009144 -0.001)
(0.06096 -0.009144 -0.001)
(0.064008 -0.009144 -0.001)
(0.067056 -0.009144 -0.001)
(0.070104 -0.009144 -0.001)
(0.073152 -0.009144 -0.001)
(0.0762 -0.009144 -0.001)
(0.079248 -0.009144 -0.001)
(0.082296 -0.009144 -0.001)
(0.085344 -0.009144 -0.001)
(0.088392 -0.009144 -0.001)
(0.09144 -0.009144 -0.001)
(0.094488 -0.009144 -0.001)
(0.097536 -0.009144 -0.001)
(0.100584 -0.009144 -0.001)
(0.103632 -0.009144 -0.001)
(0.10668 -0.009144 -0.001)
(0.109728 -0.009144 -0.001)
(0.112776 -0.009144 -0.001)
(0.115824 -0.009144 -0.001)
(0.118872 -0.009144 -0.001)
(0.12192 -0.009144 -0.001)
(0.124968 -0.009144 -0.001)
(0.128016 -0.009144 -0.001)
(0.131064 -0.009144 -0.001)
(0.134112 -0.009144 -0.001)
(0.13716 -0.009144 -0.001)
(0.140208 -0.009144 -0.001)
(0.143256 -0.009144 -0.001)
(0.146304 -0.009144 -0.001)
(0.149352 -0.009144 -0.001)
(0.1524 -0.009144 -0.001)
(-0.1524 -0.006096 -0.001)
(-0.149352 -0.006096 -0.001)
(-0.146304 -0.006096 -0.001)
(-0.143256 -0.006096 -0.001)
(-0.140208 -0.006096 -0.001)
(-0.13716 -0.006096 -0.001)
(-0.134112 -0.006096 -0.001)
(-0.131064 -0.006096 -0.001)
(-0.128016 -0.006096 -0.001)
(-0.124968 -0.006096 -0.001)
(-0.12192 -0.006096 -0.001)
(-0.118872 -0.006096 -0.001)
(-0.115824 -0.006096 -0.001)
(-0.112776 -0.006096 -0.001)
(-0.109728 -0.006096 -0.001)
(-0.10668 -0.006096 -0.001)
(-0.103632 -0.006096 -0.001)
(-0.100584 -0.006096 -0.001)
(-0.097536 -0.006096 -0.001)
(-0.094488 -0.006096 -0.001)
(-0.09144 -0.006096 -0.001)
(-0.088392 -0.006096 -0.001)
(-0.085344 -0.006096 -0.001)
(-0.082296 -0.006096 -0.001)
(-0.079248 -0.006096 -0.001)
(-0.0762 -0.006096 -0.001)
(-0.073152 -0.006096 -0.001)
(-0.070104 -0.006096 -0.001)
(-0.067056 -0.006096 -0.001)
(-0.064008 -0.006096 -0.001)
(-0.06096 -0.006096 -0.001)
(-0.057912 -0.006096 -0.001)
(-0.054864 -0.006096 -0.001)
(-0.051816 -0.006096 -0.001)
(-0.048768 -0.006096 -0.001)
(-0.04572 -0.006096 -0.001)
(-0.042672 -0.006096 -0.001)
(-0.039624 -0.006096 -0.001)
(-0.036576 -0.006096 -0.001)
(-0.033528 -0.006096 -0.001)
(-0.03048 -0.006096 -0.001)
(-0.027432 -0.006096 -0.001)
(-0.024384 -0.006096 -0.001)
(-0.021336 -0.006096 -0.001)
(-0.018288 -0.006096 -0.001)
(-0.01524 -0.006096 -0.001)
(-0.012192 -0.006096 -0.001)
(-0.009144 -0.006096 -0.001)
(-0.006096 -0.006096 -0.001)
(-0.003048 -0.006096 -0.001)
(0 -0.006096 -0.001)
(0.003048 -0.006096 -0.001)
(0.006096 -0.006096 -0.001)
(0.009144 -0.006096 -0.001)
(0.012192 -0.006096 -0.001)
(0.01524 -0.006096 -0.001)
(0.018288 -0.006096 -0.001)
(0.021336 -0.006096 -0.001)
(0.024384 -0.006096 -0.001)
(0.027432 -0.006096 -0.001)
(0.03048 -0.006096 -0.001)
(0.033528 -0.006096 -0.001)
(0.036576 -0.006096 -0.001)
(0.039624 -0.006096 -0.001)
(0.042672 -0.006096 -0.001)
(0.04572 -0.006096 -0.001)
(0.048768 -0.006096 -0.001)
(0.051816 -0.006096 -0.001)
(0.054864 -0.006096 -0.001)
(0.057912 -0.006096 -0.001)
(0.06096 -0.006096 -0.001)
(0.064008 -0.006096 -0.001)
(0.067056 -0.006096 -0.001)
(0.070104 -0.006096 -0.001)
(0.073152 -0.006096 -0.001)
(0.0762 -0.006096 -0.001)
(0.079248 -0.006096 -0.001)
(0.082296 -0.006096 -0.001)
(0.085344 -0.006096 -0.001)
(0.088392 -0.006096 -0.001)
(0.09144 -0.006096 -0.001)
(0.094488 -0.006096 -0.001)
(0.097536 -0.006096 -0.001)
(0.100584 -0.006096 -0.001)
(0.103632 -0.006096 -0.001)
(0.10668 -0.006096 -0.001)
(0.109728 -0.006096 -0.001)
(0.112776 -0.006096 -0.001)
(0.115824 -0.006096 -0.001)
(0.118872 -0.006096 -0.001)
(0.12192 -0.006096 -0.001)
(0.124968 -0.006096 -0.001)
(0.128016 -0.006096 -0.001)
(0.131064 -0.006096 -0.001)
(0.134112 -0.006096 -0.001)
(0.13716 -0.006096 -0.001)
(0.140208 -0.006096 -0.001)
(0.143256 -0.006096 -0.001)
(0.146304 -0.006096 -0.001)
(0.149352 -0.006096 -0.001)
(0.1524 -0.006096 -0.001)
(-0.1524 -0.003048 -0.001)
(-0.149352 -0.003048 -0.001)
(-0.146304 -0.003048 -0.001)
(-0.143256 -0.003048 -0.001)
(-0.140208 -0.003048 -0.001)
(-0.13716 -0.003048 -0.001)
(-0.134112 -0.003048 -0.001)
(-0.131064 -0.003048 -0.001)
(-0.128016 -0.003048 -0.001)
(-0.124968 -0.003048 -0.001)
(-0.12192 -0.003048 -0.001)
(-0.118872 -0.003048 -0.001)
(-0.115824 -0.003048 -0.001)
(-0.112776 -0.003048 -0.001)
(-0.109728 -0.003048 -0.001)
(-0.10668 -0.003048 -0.001)
(-0.103632 -0.003048 -0.001)
(-0.100584 -0.003048 -0.001)
(-0.097536 -0.003048 -0.001)
(-0.094488 -0.003048 -0.001)
(-0.09144 -0.003048 -0.001)
(-0.088392 -0.003048 -0.001)
(-0.085344 -0.003048 -0.001)
(-0.082296 -0.003048 -0.001)
(-0.079248 -0.003048 -0.001)
(-0.0762 -0.003048 -0.001)
(-0.073152 -0.003048 -0.001)
(-0.070104 -0.003048 -0.001)
(-0.067056 -0.003048 -0.001)
(-0.064008 -0.003048 -0.001)
(-0.06096 -0.003048 -0.001)
(-0.057912 -0.003048 -0.001)
(-0.054864 -0.003048 -0.001)
(-0.051816 -0.003048 -0.001)
(-0.048768 -0.003048 -0.001)
(-0.04572 -0.003048 -0.001)
(-0.042672 -0.003048 -0.001)
(-0.039624 -0.003048 -0.001)
(-0.036576 -0.003048 -0.001)
(-0.033528 -0.003048 -0.001)
(-0.03048 -0.003048 -0.001)
(-0.027432 -0.003048 -0.001)
(-0.024384 -0.003048 -0.001)
(-0.021336 -0.003048 -0.001)
(-0.018288 -0.003048 -0.001)
(-0.01524 -0.003048 -0.001)
(-0.012192 -0.003048 -0.001)
(-0.009144 -0.003048 -0.001)
(-0.006096 -0.003048 -0.001)
(-0.003048 -0.003048 -0.001)
(0 -0.003048 -0.001)
(0.003048 -0.003048 -0.001)
(0.006096 -0.003048 -0.001)
(0.009144 -0.003048 -0.001)
(0.012192 -0.003048 -0.001)
(0.01524 -0.003048 -0.001)
(0.018288 -0.003048 -0.001)
(0.021336 -0.003048 -0.001)
(0.024384 -0.003048 -0.001)
(0.027432 -0.003048 -0.001)
(0.03048 -0.003048 -0.001)
(0.033528 -0.003048 -0.001)
(0.036576 -0.003048 -0.001)
(0.039624 -0.003048 -0.001)
(0.042672 -0.003048 -0.001)
(0.04572 -0.003048 -0.001)
(0.048768 -0.003048 -0.001)
(0.051816 -0.003048 -0.001)
(0.054864 -0.003048 -0.001)
(0.057912 -0.003048 -0.001)
(0.06096 -0.003048 -0.001)
(0.064008 -0.003048 -0.001)
(0.067056 -0.003048 -0.001)
(0.070104 -0.003048 -0.001)
(0.073152 -0.003048 -0.001)
(0.0762 -0.003048 -0.001)
(0.079248 -0.003048 -0.001)
(0.082296 -0.003048 -0.001)
(0.085344 -0.003048 -0.001)
(0.088392 -0.003048 -0.001)
(0.09144 -0.003048 -0.001)
(0.094488 -0.003048 -0.001)
(0.097536 -0.003048 -0.001)
(0.100584 -0.003048 -0.001)
(0.103632 -0.003048 -0.001)
(0.10668 -0.003048 -0.001)
(0.109728 -0.003048 -0.001)
(0.112776 -0.003048 -0.001)
(0.115824 -0.003048 -0.001)
(0.118872 -0.003048 -0.001)
(0.12192 -0.003048 -0.001)
(0.124968 -0.003048 -0.001)
(0.128016 -0.003048 -0.001)
(0.131064 -0.003048 -0.001)
(0.134112 -0.003048 -0.001)
(0.13716 -0.003048 -0.001)
(0.140208 -0.003048 -0.001)
(0.143256 -0.003048 -0.001)
(0.146304 -0.003048 -0.001)
(0.149352 -0.003048 -0.001)
(0.1524 -0.003048 -0.001)
(-0.1524 0 -0.001)
(-0.149352 0 -0.001)
(-0.146304 0 -0.001)
(-0.143256 0 -0.001)
(-0.140208 0 -0.001)
(-0.13716 0 -0.001)
(-0.134112 0 -0.001)
(-0.131064 0 -0.001)
(-0.128016 0 -0.001)
(-0.124968 0 -0.001)
(-0.12192 0 -0.001)
(-0.118872 0 -0.001)
(-0.115824 0 -0.001)
(-0.112776 0 -0.001)
(-0.109728 0 -0.001)
(-0.10668 0 -0.001)
(-0.103632 0 -0.001)
(-0.100584 0 -0.001)
(-0.097536 0 -0.001)
(-0.094488 0 -0.001)
(-0.09144 0 -0.001)
(-0.088392 0 -0.001)
(-0.085344 0 -0.001)
(-0.082296 0 -0.001)
(-0.079248 0 -0.001)
(-0.0762 0 -0.001)
(-0.073152 0 -0.001)
(-0.070104 0 -0.001)
(-0.067056 0 -0.001)
(-0.064008 0 -0.001)
(-0.06096 0 -0.001)
(-0.057912 0 -0.001)
(-0.054864 0 -0.001)
(-0.051816 0 -0.001)
(-0.048768 0 -0.001)
(-0.04572 0 -0.001)
(-0.042672 0 -0.001)
(-0.039624 0 -0.001)
(-0.036576 0 -0.001)
(-0.033528 0 -0.001)
(-0.03048 0 -0.001)
(-0.027432 0 -0.001)
(-0.024384 0 -0.001)
(-0.021336 0 -0.001)
(-0.018288 0 -0.001)
(-0.01524 0 -0.001)
(-0.012192 0 -0.001)
(-0.009144 0 -0.001)
(-0.006096 0 -0.001)
(-0.003048 0 -0.001)
(0 0 -0.001)
(0.003048 0 -0.001)
(0.006096 0 -0.001)
(0.009144 0 -0.001)
(0.012192 0 -0.001)
(0.01524 0 -0.001)
(0.018288 0 -0.001)
(0.021336 0 -0.001)
(0.024384 0 -0.001)
(0.027432 0 -0.001)
(0.03048 0 -0.001)
(0.033528 0 -0.001)
(0.036576 0 -0.001)
(0.039624 0 -0.001)
(0.042672 0 -0.001)
(0.04572 0 -0.001)
(0.048768 0 -0.001)
(0.051816 0 -0.001)
(0.054864 0 -0.001)
(0.057912 0 -0.001)
(0.06096 0 -0.001)
(0.064008 0 -0.001)
(0.067056 0 -0.001)
(0.070104 0 -0.001)
(0.073152 0 -0.001)
(0.0762 0 -0.001)
(0.079248 0 -0.001)
(0.082296 0 -0.001)
(0.085344 0 -0.001)
(0.088392 0 -0.001)
(0.09144 0 -0.001)
(0.094488 0 -0.001)
(0.097536 0 -0.001)
(0.100584 0 -0.001)
(0.103632 0 -0.001)
(0.10668 0 -0.001)
(0.109728 0 -0.001)
(0.112776 0 -0.001)
(0.115824 0 -0.001)
(0.118872 0 -0.001)
(0.12192 0 -0.001)
(0.124968 0 -0.001)
(0.128016 0 -0.001)
(0.131064 0 -0.001)
(0.134112 0 -0.001)
(0.13716 0 -0.001)
(0.140208 0 -0.001)
(0.143256 0 -0.001)
(0.146304 0 -0.001)
(0.149352 0 -0.001)
(0.1524 0 -0.001)
(-0.1524 0.003048 -0.001)
(-0.149352 0.003048 -0.001)
(-0.146304 0.003048 -0.001)
(-0.143256 0.003048 -0.001)
(-0.140208 0.003048 -0.001)
(-0.13716 0.003048 -0.001)
(-0.134112 0.003048 -0.001)
(-0.131064 0.003048 -0.001)
(-0.128016 0.003048 -0.001)
(-0.124968 0.003048 -0.001)
(-0.12192 0.003048 -0.001)
(-0.118872 0.003048 -0.001)
(-0.115824 0.003048 -0.001)
(-0.112776 0.003048 -0.001)
(-0.109728 0.003048 -0.001)
(-0.10668 0.003048 -0.001)
(-0.103632 0.003048 -0.001)
(-0.100584 0.003048 -0.001)
(-0.097536 0.003048 -0.001)
(-0.094488 0.003048 -0.001)
(-0.09144 0.003048 -0.001)
(-0.088392 0.003048 -0.001)
(-0.085344 0.003048 -0.001)
(-0.082296 0.003048 -0.001)
(-0.079248 0.003048 -0.001)
(-0.0762 0.003048 -0.001)
(-0.073152 0.003048 -0.001)
(-0.070104 0.003048 -0.001)
(-0.067056 0.003048 -0.001)
(-0.064008 0.003048 -0.001)
(-0.06096 0.003048 -0.001)
(-0.057912 0.003048 -0.001)
(-0.054864 0.003048 -0.001)
(-0.051816 0.003048 -0.001)
(-0.048768 0.003048 -0.001)
(-0.04572 0.003048 -0.001)
(-0.042672 0.003048 -0.001)
(-0.039624 0.003048 -0.001)
(-0.036576 0.003048 -0.001)
(-0.033528 0.003048 -0.001)
(-0.03048 0.003048 -0.001)
(-0.027432 0.003048 -0.001)
(-0.024384 0.003048 -0.001)
(-0.021336 0.003048 -0.001)
(-0.018288 0.003048 -0.001)
(-0.01524 0.003048 -0.001)
(-0.012192 0.003048 -0.001)
(-0.009144 0.003048 -0.001)
(-0.006096 0.003048 -0.001)
(-0.003048 0.003048 -0.001)
(0 0.003048 -0.001)
(0.003048 0.003048 -0.001)
(0.006096 0.003048 -0.001)
(0.009144 0.003048 -0.001)
(0.012192 0.003048 -0.001)
(0.01524 0.003048 -0.001)
(0.018288 0.003048 -0.001)
(0.021336 0.003048 -0.001)
(0.024384 0.003048 -0.001)
(0.027432 0.003048 -0.001)
(0.03048 0.003048 -0.001)
(0.033528 0.003048 -0.001)
(0.036576 0.003048 -0.001)
(0.039624 0.003048 -0.001)
(0.042672 0.003048 -0.001)
(0.04572 0.003048 -0.001)
(0.048768 0.003048 -0.001)
(0.051816 0.003048 -0.001)
(0.054864 0.003048 -0.001)
(0.057912 0.003048 -0.001)
(0.06096 0.003048 -0.001)
(0.064008 0.003048 -0.001)
(0.067056 0.003048 -0.001)
(0.070104 0.003048 -0.001)
(0.073152 0.003048 -0.001)
(0.0762 0.003048 -0.001)
(0.079248 0.003048 -0.001)
(0.082296 0.003048 -0.001)
(0.085344 0.003048 -0.001)
(0.088392 0.003048 -0.001)
(0.09144 0.003048 -0.001)
(0.094488 0.003048 -0.001)
(0.097536 0.003048 -0.001)
(0.100584 0.003048 -0.001)
(0.103632 0.003048 -0.001)
(0.10668 0.003048 -0.001)
(0.109728 0.003048 -0.001)
(0.112776 0.003048 -0.001)
(0.115824 0.003048 -0.001)
(0.118872 0.003048 -0.001)
(0.12192 0.003048 -0.001)
(0.124968 0.003048 -0.001)
(0.128016 0.003048 -0.001)
(0.131064 0.003048 -0.001)
(0.134112 0.003048 -0.001)
(0.13716 0.003048 -0.001)
(0.140208 0.003048 -0.001)
(0.143256 0.003048 -0.001)
(0.146304 0.003048 -0.001)
(0.149352 0.003048 -0.001)
(0.1524 0.003048 -0.001)
(-0.1524 0.006096 -0.001)
(-0.149352 0.006096 -0.001)
(-0.146304 0.006096 -0.001)
(-0.143256 0.006096 -0.001)
(-0.140208 0.006096 -0.001)
(-0.13716 0.006096 -0.001)
(-0.134112 0.006096 -0.001)
(-0.131064 0.006096 -0.001)
(-0.128016 0.006096 -0.001)
(-0.124968 0.006096 -0.001)
(-0.12192 0.006096 -0.001)
(-0.118872 0.006096 -0.001)
(-0.115824 0.006096 -0.001)
(-0.112776 0.006096 -0.001)
(-0.109728 0.006096 -0.001)
(-0.10668 0.006096 -0.001)
(-0.103632 0.006096 -0.001)
(-0.100584 0.006096 -0.001)
(-0.097536 0.006096 -0.001)
(-0.094488 0.006096 -0.001)
(-0.09144 0.006096 -0.001)
(-0.088392 0.006096 -0.001)
(-0.085344 0.006096 -0.001)
(-0.082296 0.006096 -0.001)
(-0.079248 0.006096 -0.001)
(-0.0762 0.006096 -0.001)
(-0.073152 0.006096 -0.001)
(-0.070104 0.006096 -0.001)
(-0.067056 0.006096 -0.001)
(-0.064008 0.006096 -0.001)
(-0.06096 0.006096 -0.001)
(-0.057912 0.006096 -0.001)
(-0.054864 0.006096 -0.001)
(-0.051816 0.006096 -0.001)
(-0.048768 0.006096 -0.001)
(-0.04572 0.006096 -0.001)
(-0.042672 0.006096 -0.001)
(-0.039624 0.006096 -0.001)
(-0.036576 0.006096 -0.001)
(-0.033528 0.006096 -0.001)
(-0.03048 0.006096 -0.001)
(-0.027432 0.006096 -0.001)
(-0.024384 0.006096 -0.001)
(-0.021336 0.006096 -0.001)
(-0.018288 0.006096 -0.001)
(-0.01524 0.006096 -0.001)
(-0.012192 0.006096 -0.001)
(-0.009144 0.006096 -0.001)
(-0.006096 0.006096 -0.001)
(-0.003048 0.006096 -0.001)
(0 0.006096 -0.001)
(0.003048 0.006096 -0.001)
(0.006096 0.006096 -0.001)
(0.009144 0.006096 -0.001)
(0.012192 0.006096 -0.001)
(0.01524 0.006096 -0.001)
(0.018288 0.006096 -0.001)
(0.021336 0.006096 -0.001)
(0.024384 0.006096 -0.001)
(0.027432 0.006096 -0.001)
(0.03048 0.006096 -0.001)
(0.033528 0.006096 -0.001)
(0.036576 0.006096 -0.001)
(0.039624 0.006096 -0.001)
(0.042672 0.006096 -0.001)
(0.04572 0.006096 -0.001)
(0.048768 0.006096 -0.001)
(0.051816 0.006096 -0.001)
(0.054864 0.006096 -0.001)
(0.057912 0.006096 -0.001)
(0.06096 0.006096 -0.001)
(0.064008 0.006096 -0.001)
(0.067056 0.006096 -0.001)
(0.070104 0.006096 -0.001)
(0.073152 0.006096 -0.001)
(0.0762 0.006096 -0.001)
(0.079248 0.006096 -0.001)
(0.082296 0.006096 -0.001)
(0.085344 0.006096 -0.001)
(0.088392 0.006096 -0.001)
(0.09144 0.006096 -0.001)
(0.094488 0.006096 -0.001)
(0.097536 0.006096 -0.001)
(0.100584 0.006096 -0.001)
(0.103632 0.006096 -0.001)
(0.10668 0.006096 -0.001)
(0.109728 0.006096 -0.001)
(0.112776 0.006096 -0.001)
(0.115824 0.006096 -0.001)
(0.118872 0.006096 -0.001)
(0.12192 0.006096 -0.001)
(0.124968 0.006096 -0.001)
(0.128016 0.006096 -0.001)
(0.131064 0.006096 -0.001)
(0.134112 0.006096 -0.001)
(0.13716 0.006096 -0.001)
(0.140208 0.006096 -0.001)
(0.143256 0.006096 -0.001)
(0.146304 0.006096 -0.001)
(0.149352 0.006096 -0.001)
(0.1524 0.006096 -0.001)
(-0.1524 0.009144 -0.001)
(-0.149352 0.009144 -0.001)
(-0.146304 0.009144 -0.001)
(-0.143256 0.009144 -0.001)
(-0.140208 0.009144 -0.001)
(-0.13716 0.009144 -0.001)
(-0.134112 0.009144 -0.001)
(-0.131064 0.009144 -0.001)
(-0.128016 0.009144 -0.001)
(-0.124968 0.009144 -0.001)
(-0.12192 0.009144 -0.001)
(-0.118872 0.009144 -0.001)
(-0.115824 0.009144 -0.001)
(-0.112776 0.009144 -0.001)
(-0.109728 0.009144 -0.001)
(-0.10668 0.009144 -0.001)
(-0.103632 0.009144 -0.001)
(-0.100584 0.009144 -0.001)
(-0.097536 0.009144 -0.001)
(-0.094488 0.009144 -0.001)
(-0.09144 0.009144 -0.001)
(-0.088392 0.009144 -0.001)
(-0.085344 0.009144 -0.001)
(-0.082296 0.009144 -0.001)
(-0.079248 0.009144 -0.001)
(-0.0762 0.009144 -0.001)
(-0.073152 0.009144 -0.001)
(-0.070104 0.009144 -0.001)
(-0.067056 0.009144 -0.001)
(-0.064008 0.009144 -0.001)
(-0.06096 0.009144 -0.001)
(-0.057912 0.009144 -0.001)
(-0.054864 0.009144 -0.001)
(-0.051816 0.009144 -0.001)
(-0.048768 0.009144 -0.001)
(-0.04572 0.009144 -0.001)
(-0.042672 0.009144 -0.001)
(-0.039624 0.009144 -0.001)
(-0.036576 0.009144 -0.001)
(-0.033528 0.009144 -0.001)
(-0.03048 0.009144 -0.001)
(-0.027432 0.009144 -0.001)
(-0.024384 0.009144 -0.001)
(-0.021336 0.009144 -0.001)
(-0.018288 0.009144 -0.001)
(-0.01524 0.009144 -0.001)
(-0.012192 0.009144 -0.001)
(-0.009144 0.009144 -0.001)
(-0.006096 0.009144 -0.001)
(-0.003048 0.009144 -0.001)
(0 0.009144 -0.001)
(0.003048 0.009144 -0.001)
(0.006096 0.009144 -0.001)
(0.009144 0.009144 -0.001)
(0.012192 0.009144 -0.001)
(0.01524 0.009144 -0.001)
(0.018288 0.009144 -0.001)
(0.021336 0.009144 -0.001)
(0.024384 0.009144 -0.001)
(0.027432 0.009144 -0.001)
(0.03048 0.009144 -0.001)
(0.033528 0.009144 -0.001)
(0.036576 0.009144 -0.001)
(0.039624 0.009144 -0.001)
(0.042672 0.009144 -0.001)
(0.04572 0.009144 -0.001)
(0.048768 0.009144 -0.001)
(0.051816 0.009144 -0.001)
(0.054864 0.009144 -0.001)
(0.057912 0.009144 -0.001)
(0.06096 0.009144 -0.001)
(0.064008 0.009144 -0.001)
(0.067056 0.009144 -0.001)
(0.070104 0.009144 -0.001)
(0.073152 0.009144 -0.001)
(0.0762 0.009144 -0.001)
(0.079248 0.009144 -0.001)
(0.082296 0.009144 -0.001)
(0.085344 0.009144 -0.001)
(0.088392 0.009144 -0.001)
(0.09144 0.009144 -0.001)
(0.094488 0.009144 -0.001)
(0.097536 0.009144 -0.001)
(0.100584 0.009144 -0.001)
(0.103632 0.009144 -0.001)
(0.10668 0.009144 -0.001)
(0.109728 0.009144 -0.001)
(0.112776 0.009144 -0.001)
(0.115824 0.009144 -0.001)
(0.118872 0.009144 -0.001)
(0.12192 0.009144 -0.001)
(0.124968 0.009144 -0.001)
(0.128016 0.009144 -0.001)
(0.131064 0.009144 -0.001)
(0.134112 0.009144 -0.001)
(0.13716 0.009144 -0.001)
(0.140208 0.009144 -0.001)
(0.143256 0.009144 -0.001)
(0.146304 0.009144 -0.001)
(0.149352 0.009144 -0.001)
(0.1524 0.009144 -0.001)
(-0.1524 0.012192 -0.001)
(-0.149352 0.012192 -0.001)
(-0.146304 0.012192 -0.001)
(-0.143256 0.012192 -0.001)
(-0.140208 0.012192 -0.001)
(-0.13716 0.012192 -0.001)
(-0.134112 0.012192 -0.001)
(-0.131064 0.012192 -0.001)
(-0.128016 0.012192 -0.001)
(-0.124968 0.012192 -0.001)
(-0.12192 0.012192 -0.001)
(-0.118872 0.012192 -0.001)
(-0.115824 0.012192 -0.001)
(-0.112776 0.012192 -0.001)
(-0.109728 0.012192 -0.001)
(-0.10668 0.012192 -0.001)
(-0.103632 0.012192 -0.001)
(-0.100584 0.012192 -0.001)
(-0.097536 0.012192 -0.001)
(-0.094488 0.012192 -0.001)
(-0.09144 0.012192 -0.001)
(-0.088392 0.012192 -0.001)
(-0.085344 0.012192 -0.001)
(-0.082296 0.012192 -0.001)
(-0.079248 0.012192 -0.001)
(-0.0762 0.012192 -0.001)
(-0.073152 0.012192 -0.001)
(-0.070104 0.012192 -0.001)
(-0.067056 0.012192 -0.001)
(-0.064008 0.012192 -0.001)
(-0.06096 0.012192 -0.001)
(-0.057912 0.012192 -0.001)
(-0.054864 0.012192 -0.001)
(-0.051816 0.012192 -0.001)
(-0.048768 0.012192 -0.001)
(-0.04572 0.012192 -0.001)
(-0.042672 0.012192 -0.001)
(-0.039624 0.012192 -0.001)
(-0.036576 0.012192 -0.001)
(-0.033528 0.012192 -0.001)
(-0.03048 0.012192 -0.001)
(-0.027432 0.012192 -0.001)
(-0.024384 0.012192 -0.001)
(-0.021336 0.012192 -0.001)
(-0.018288 0.012192 -0.001)
(-0.01524 0.012192 -0.001)
(-0.012192 0.012192 -0.001)
(-0.009144 0.012192 -0.001)
(-0.006096 0.012192 -0.001)
(-0.003048 0.012192 -0.001)
(0 0.012192 -0.001)
(0.003048 0.012192 -0.001)
(0.006096 0.012192 -0.001)
(0.009144 0.012192 -0.001)
(0.012192 0.012192 -0.001)
(0.01524 0.012192 -0.001)
(0.018288 0.012192 -0.001)
(0.021336 0.012192 -0.001)
(0.024384 0.012192 -0.001)
(0.027432 0.012192 -0.001)
(0.03048 0.012192 -0.001)
(0.033528 0.012192 -0.001)
(0.036576 0.012192 -0.001)
(0.039624 0.012192 -0.001)
(0.042672 0.012192 -0.001)
(0.04572 0.012192 -0.001)
(0.048768 0.012192 -0.001)
(0.051816 0.012192 -0.001)
(0.054864 0.012192 -0.001)
(0.057912 0.012192 -0.001)
(0.06096 0.012192 -0.001)
(0.064008 0.012192 -0.001)
(0.067056 0.012192 -0.001)
(0.070104 0.012192 -0.001)
(0.073152 0.012192 -0.001)
(0.0762 0.012192 -0.001)
(0.079248 0.012192 -0.001)
(0.082296 0.012192 -0.001)
(0.085344 0.012192 -0.001)
(0.088392 0.012192 -0.001)
(0.09144 0.012192 -0.001)
(0.094488 0.012192 -0.001)
(0.097536 0.012192 -0.001)
(0.100584 0.012192 -0.001)
(0.103632 0.012192 -0.001)
(0.10668 0.012192 -0.001)
(0.109728 0.012192 -0.001)
(0.112776 0.012192 -0.001)
(0.115824 0.012192 -0.001)
(0.118872 0.012192 -0.001)
(0.12192 0.012192 -0.001)
(0.124968 0.012192 -0.001)
(0.128016 0.012192 -0.001)
(0.131064 0.012192 -0.001)
(0.134112 0.012192 -0.001)
(0.13716 0.012192 -0.001)
(0.140208 0.012192 -0.001)
(0.143256 0.012192 -0.001)
(0.146304 0.012192 -0.001)
(0.149352 0.012192 -0.001)
(0.1524 0.012192 -0.001)
(-0.1524 0.01524 -0.001)
(-0.149352 0.01524 -0.001)
(-0.146304 0.01524 -0.001)
(-0.143256 0.01524 -0.001)
(-0.140208 0.01524 -0.001)
(-0.13716 0.01524 -0.001)
(-0.134112 0.01524 -0.001)
(-0.131064 0.01524 -0.001)
(-0.128016 0.01524 -0.001)
(-0.124968 0.01524 -0.001)
(-0.12192 0.01524 -0.001)
(-0.118872 0.01524 -0.001)
(-0.115824 0.01524 -0.001)
(-0.112776 0.01524 -0.001)
(-0.109728 0.01524 -0.001)
(-0.10668 0.01524 -0.001)
(-0.103632 0.01524 -0.001)
(-0.100584 0.01524 -0.001)
(-0.097536 0.01524 -0.001)
(-0.094488 0.01524 -0.001)
(-0.09144 0.01524 -0.001)
(-0.088392 0.01524 -0.001)
(-0.085344 0.01524 -0.001)
(-0.082296 0.01524 -0.001)
(-0.079248 0.01524 -0.001)
(-0.0762 0.01524 -0.001)
(-0.073152 0.01524 -0.001)
(-0.070104 0.01524 -0.001)
(-0.067056 0.01524 -0.001)
(-0.064008 0.01524 -0.001)
(-0.06096 0.01524 -0.001)
(-0.057912 0.01524 -0.001)
(-0.054864 0.01524 -0.001)
(-0.051816 0.01524 -0.001)
(-0.048768 0.01524 -0.001)
(-0.04572 0.01524 -0.001)
(-0.042672 0.01524 -0.001)
(-0.039624 0.01524 -0.001)
(-0.036576 0.01524 -0.001)
(-0.033528 0.01524 -0.001)
(-0.03048 0.01524 -0.001)
(-0.027432 0.01524 -0.001)
(-0.024384 0.01524 -0.001)
(-0.021336 0.01524 -0.001)
(-0.018288 0.01524 -0.001)
(-0.01524 0.01524 -0.001)
(-0.012192 0.01524 -0.001)
(-0.009144 0.01524 -0.001)
(-0.006096 0.01524 -0.001)
(-0.003048 0.01524 -0.001)
(0 0.01524 -0.001)
(0.003048 0.01524 -0.001)
(0.006096 0.01524 -0.001)
(0.009144 0.01524 -0.001)
(0.012192 0.01524 -0.001)
(0.01524 0.01524 -0.001)
(0.018288 0.01524 -0.001)
(0.021336 0.01524 -0.001)
(0.024384 0.01524 -0.001)
(0.027432 0.01524 -0.001)
(0.03048 0.01524 -0.001)
(0.033528 0.01524 -0.001)
(0.036576 0.01524 -0.001)
(0.039624 0.01524 -0.001)
(0.042672 0.01524 -0.001)
(0.04572 0.01524 -0.001)
(0.048768 0.01524 -0.001)
(0.051816 0.01524 -0.001)
(0.054864 0.01524 -0.001)
(0.057912 0.01524 -0.001)
(0.06096 0.01524 -0.001)
(0.064008 0.01524 -0.001)
(0.067056 0.01524 -0.001)
(0.070104 0.01524 -0.001)
(0.073152 0.01524 -0.001)
(0.0762 0.01524 -0.001)
(0.079248 0.01524 -0.001)
(0.082296 0.01524 -0.001)
(0.085344 0.01524 -0.001)
(0.088392 0.01524 -0.001)
(0.09144 0.01524 -0.001)
(0.094488 0.01524 -0.001)
(0.097536 0.01524 -0.001)
(0.100584 0.01524 -0.001)
(0.103632 0.01524 -0.001)
(0.10668 0.01524 -0.001)
(0.109728 0.01524 -0.001)
(0.112776 0.01524 -0.001)
(0.115824 0.01524 -0.001)
(0.118872 0.01524 -0.001)
(0.12192 0.01524 -0.001)
(0.124968 0.01524 -0.001)
(0.128016 0.01524 -0.001)
(0.131064 0.01524 -0.001)
(0.134112 0.01524 -0.001)
(0.13716 0.01524 -0.001)
(0.140208 0.01524 -0.001)
(0.143256 0.01524 -0.001)
(0.146304 0.01524 -0.001)
(0.149352 0.01524 -0.001)
(0.1524 0.01524 -0.001)
(-0.1524 -0.01524 0.001)
(-0.149352 -0.01524 0.001)
(-0.146304 -0.01524 0.001)
(-0.143256 -0.01524 0.001)
(-0.140208 -0.01524 0.001)
(-0.13716 -0.01524 0.001)
(-0.134112 -0.01524 0.001)
(-0.131064 -0.01524 0.001)
(-0.128016 -0.01524 0.001)
(-0.124968 -0.01524 0.001)
(-0.12192 -0.01524 0.001)
(-0.118872 -0.01524 0.001)
(-0.115824 -0.01524 0.001)
(-0.112776 -0.01524 0.001)
(-0.109728 -0.01524 0.001)
(-0.10668 -0.01524 0.001)
(-0.103632 -0.01524 0.001)
(-0.100584 -0.01524 0.001)
(-0.097536 -0.01524 0.001)
(-0.094488 -0.01524 0.001)
(-0.09144 -0.01524 0.001)
(-0.088392 -0.01524 0.001)
(-0.085344 -0.01524 0.001)
(-0.082296 -0.01524 0.001)
(-0.079248 -0.01524 0.001)
(-0.0762 -0.01524 0.001)
(-0.073152 -0.01524 0.001)
(-0.070104 -0.01524 0.001)
(-0.067056 -0.01524 0.001)
(-0.064008 -0.01524 0.001)
(-0.06096 -0.01524 0.001)
(-0.057912 -0.01524 0.001)
(-0.054864 -0.01524 0.001)
(-0.051816 -0.01524 0.001)
(-0.048768 -0.01524 0.001)
(-0.04572 -0.01524 0.001)
(-0.042672 -0.01524 0.001)
(-0.039624 -0.01524 0.001)
(-0.036576 -0.01524 0.001)
(-0.033528 -0.01524 0.001)
(-0.03048 -0.01524 0.001)
(-0.027432 -0.01524 0.001)
(-0.024384 -0.01524 0.001)
(-0.021336 -0.01524 0.001)
(-0.018288 -0.01524 0.001)
(-0.01524 -0.01524 0.001)
(-0.012192 -0.01524 0.001)
(-0.009144 -0.01524 0.001)
(-0.006096 -0.01524 0.001)
(-0.003048 -0.01524 0.001)
(0 -0.01524 0.001)
(0.003048 -0.01524 0.001)
(0.006096 -0.01524 0.001)
(0.009144 -0.01524 0.001)
(0.012192 -0.01524 0.001)
(0.01524 -0.01524 0.001)
(0.018288 -0.01524 0.001)
(0.021336 -0.01524 0.001)
(0.024384 -0.01524 0.001)
(0.027432 -0.01524 0.001)
(0.03048 -0.01524 0.001)
(0.033528 -0.01524 0.001)
(0.036576 -0.01524 0.001)
(0.039624 -0.01524 0.001)
(0.042672 -0.01524 0.001)
(0.04572 -0.01524 0.001)
(0.048768 -0.01524 0.001)
(0.051816 -0.01524 0.001)
(0.054864 -0.01524 0.001)
(0.057912 -0.01524 0.001)
(0.06096 -0.01524 0.001)
(0.064008 -0.01524 0.001)
(0.067056 -0.01524 0.001)
(0.070104 -0.01524 0.001)
(0.073152 -0.01524 0.001)
(0.0762 -0.01524 0.001)
(0.079248 -0.01524 0.001)
(0.082296 -0.01524 0.001)
(0.085344 -0.01524 0.001)
(0.088392 -0.01524 0.001)
(0.09144 -0.01524 0.001)
(0.094488 -0.01524 0.001)
(0.097536 -0.01524 0.001)
(0.100584 -0.01524 0.001)
(0.103632 -0.01524 0.001)
(0.10668 -0.01524 0.001)
(0.109728 -0.01524 0.001)
(0.112776 -0.01524 0.001)
(0.115824 -0.01524 0.001)
(0.118872 -0.01524 0.001)
(0.12192 -0.01524 0.001)
(0.124968 -0.01524 0.001)
(0.128016 -0.01524 0.001)
(0.131064 -0.01524 0.001)
(0.134112 -0.01524 0.001)
(0.13716 -0.01524 0.001)
(0.140208 -0.01524 0.001)
(0.143256 -0.01524 0.001)
(0.146304 -0.01524 0.001)
(0.149352 -0.01524 0.001)
(0.1524 -0.01524 0.001)
(-0.1524 -0.012192 0.001)
(-0.149352 -0.012192 0.001)
(-0.146304 -0.012192 0.001)
(-0.143256 -0.012192 0.001)
(-0.140208 -0.012192 0.001)
(-0.13716 -0.012192 0.001)
(-0.134112 -0.012192 0.001)
(-0.131064 -0.012192 0.001)
(-0.128016 -0.012192 0.001)
(-0.124968 -0.012192 0.001)
(-0.12192 -0.012192 0.001)
(-0.118872 -0.012192 0.001)
(-0.115824 -0.012192 0.001)
(-0.112776 -0.012192 0.001)
(-0.109728 -0.012192 0.001)
(-0.10668 -0.012192 0.001)
(-0.103632 -0.012192 0.001)
(-0.100584 -0.012192 0.001)
(-0.097536 -0.012192 0.001)
(-0.094488 -0.012192 0.001)
(-0.09144 -0.012192 0.001)
(-0.088392 -0.012192 0.001)
(-0.085344 -0.012192 0.001)
(-0.082296 -0.012192 0.001)
(-0.079248 -0.012192 0.001)
(-0.0762 -0.012192 0.001)
(-0.073152 -0.012192 0.001)
(-0.070104 -0.012192 0.001)
(-0.067056 -0.012192 0.001)
(-0.064008 -0.012192 0.001)
(-0.06096 -0.012192 0.001)
(-0.057912 -0.012192 0.001)
(-0.054864 -0.012192 0.001)
(-0.051816 -0.012192 0.001)
(-0.048768 -0.012192 0.001)
(-0.04572 -0.012192 0.001)
(-0.042672 -0.012192 0.001)
(-0.039624 -0.012192 0.001)
(-0.036576 -0.012192 0.001)
(-0.033528 -0.012192 0.001)
(-0.03048 -0.012192 0.001)
(-0.027432 -0.012192 0.001)
(-0.024384 -0.012192 0.001)
(-0.021336 -0.012192 0.001)
(-0.018288 -0.012192 0.001)
(-0.01524 -0.012192 0.001)
(-0.012192 -0.012192 0.001)
(-0.009144 -0.012192 0.001)
(-0.006096 -0.012192 0.001)
(-0.003048 -0.012192 0.001)
(0 -0.012192 0.001)
(0.003048 -0.012192 0.001)
(0.006096 -0.012192 0.001)
(0.009144 -0.012192 0.001)
(0.012192 -0.012192 0.001)
(0.01524 -0.012192 0.001)
(0.018288 -0.012192 0.001)
(0.021336 -0.012192 0.001)
(0.024384 -0.012192 0.001)
(0.027432 -0.012192 0.001)
(0.03048 -0.012192 0.001)
(0.033528 -0.012192 0.001)
(0.036576 -0.012192 0.001)
(0.039624 -0.012192 0.001)
(0.042672 -0.012192 0.001)
(0.04572 -0.012192 0.001)
(0.048768 -0.012192 0.001)
(0.051816 -0.012192 0.001)
(0.054864 -0.012192 0.001)
(0.057912 -0.012192 0.001)
(0.06096 -0.012192 0.001)
(0.064008 -0.012192 0.001)
(0.067056 -0.012192 0.001)
(0.070104 -0.012192 0.001)
(0.073152 -0.012192 0.001)
(0.0762 -0.012192 0.001)
(0.079248 -0.012192 0.001)
(0.082296 -0.012192 0.001)
(0.085344 -0.012192 0.001)
(0.088392 -0.012192 0.001)
(0.09144 -0.012192 0.001)
(0.094488 -0.012192 0.001)
(0.097536 -0.012192 0.001)
(0.100584 -0.012192 0.001)
(0.103632 -0.012192 0.001)
(0.10668 -0.012192 0.001)
(0.109728 -0.012192 0.001)
(0.112776 -0.012192 0.001)
(0.115824 -0.012192 0.001)
(0.118872 -0.012192 0.001)
(0.12192 -0.012192 0.001)
(0.124968 -0.012192 0.001)
(0.128016 -0.012192 0.001)
(0.131064 -0.012192 0.001)
(0.134112 -0.012192 0.001)
(0.13716 -0.012192 0.001)
(0.140208 -0.012192 0.001)
(0.143256 -0.012192 0.001)
(0.146304 -0.012192 0.001)
(0.149352 -0.012192 0.001)
(0.1524 -0.012192 0.001)
(-0.1524 -0.009144 0.001)
(-0.149352 -0.009144 0.001)
(-0.146304 -0.009144 0.001)
(-0.143256 -0.009144 0.001)
(-0.140208 -0.009144 0.001)
(-0.13716 -0.009144 0.001)
(-0.134112 -0.009144 0.001)
(-0.131064 -0.009144 0.001)
(-0.128016 -0.009144 0.001)
(-0.124968 -0.009144 0.001)
(-0.12192 -0.009144 0.001)
(-0.118872 -0.009144 0.001)
(-0.115824 -0.009144 0.001)
(-0.112776 -0.009144 0.001)
(-0.109728 -0.009144 0.001)
(-0.10668 -0.009144 0.001)
(-0.103632 -0.009144 0.001)
(-0.100584 -0.009144 0.001)
(-0.097536 -0.009144 0.001)
(-0.094488 -0.009144 0.001)
(-0.09144 -0.009144 0.001)
(-0.088392 -0.009144 0.001)
(-0.085344 -0.009144 0.001)
(-0.082296 -0.009144 0.001)
(-0.079248 -0.009144 0.001)
(-0.0762 -0.009144 0.001)
(-0.073152 -0.009144 0.001)
(-0.070104 -0.009144 0.001)
(-0.067056 -0.009144 0.001)
(-0.064008 -0.009144 0.001)
(-0.06096 -0.009144 0.001)
(-0.057912 -0.009144 0.001)
(-0.054864 -0.009144 0.001)
(-0.051816 -0.009144 0.001)
(-0.048768 -0.009144 0.001)
(-0.04572 -0.009144 0.001)
(-0.042672 -0.009144 0.001)
(-0.039624 -0.009144 0.001)
(-0.036576 -0.009144 0.001)
(-0.033528 -0.009144 0.001)
(-0.03048 -0.009144 0.001)
(-0.027432 -0.009144 0.001)
(-0.024384 -0.009144 0.001)
(-0.021336 -0.009144 0.001)
(-0.018288 -0.009144 0.001)
(-0.01524 -0.009144 0.001)
(-0.012192 -0.009144 0.001)
(-0.009144 -0.009144 0.001)
(-0.006096 -0.009144 0.001)
(-0.003048 -0.009144 0.001)
(0 -0.009144 0.001)
(0.003048 -0.009144 0.001)
(0.006096 -0.009144 0.001)
(0.009144 -0.009144 0.001)
(0.012192 -0.009144 0.001)
(0.01524 -0.009144 0.001)
(0.018288 -0.009144 0.001)
(0.021336 -0.009144 0.001)
(0.024384 -0.009144 0.001)
(0.027432 -0.009144 0.001)
(0.03048 -0.009144 0.001)
(0.033528 -0.009144 0.001)
(0.036576 -0.009144 0.001)
(0.039624 -0.009144 0.001)
(0.042672 -0.009144 0.001)
(0.04572 -0.009144 0.001)
(0.048768 -0.009144 0.001)
(0.051816 -0.009144 0.001)
(0.054864 -0.009144 0.001)
(0.057912 -0.009144 0.001)
(0.06096 -0.009144 0.001)
(0.064008 -0.009144 0.001)
(0.067056 -0.009144 0.001)
(0.070104 -0.009144 0.001)
(0.073152 -0.009144 0.001)
(0.0762 -0.009144 0.001)
(0.079248 -0.009144 0.001)
(0.082296 -0.009144 0.001)
(0.085344 -0.009144 0.001)
(0.088392 -0.009144 0.001)
(0.09144 -0.009144 0.001)
(0.094488 -0.009144 0.001)
(0.097536 -0.009144 0.001)
(0.100584 -0.009144 0.001)
(0.103632 -0.009144 0.001)
(0.10668 -0.009144 0.001)
(0.109728 -0.009144 0.001)
(0.112776 -0.009144 0.001)
(0.115824 -0.009144 0.001)
(0.118872 -0.009144 0.001)
(0.12192 -0.009144 0.001)
(0.124968 -0.009144 0.001)
(0.128016 -0.009144 0.001)
(0.131064 -0.009144 0.001)
(0.134112 -0.009144 0.001)
(0.13716 -0.009144 0.001)
(0.140208 -0.009144 0.001)
(0.143256 -0.009144 0.001)
(0.146304 -0.009144 0.001)
(0.149352 -0.009144 0.001)
(0.1524 -0.009144 0.001)
(-0.1524 -0.006096 0.001)
(-0.149352 -0.006096 0.001)
(-0.146304 -0.006096 0.001)
(-0.143256 -0.006096 0.001)
(-0.140208 -0.006096 0.001)
(-0.13716 -0.006096 0.001)
(-0.134112 -0.006096 0.001)
(-0.131064 -0.006096 0.001)
(-0.128016 -0.006096 0.001)
(-0.124968 -0.006096 0.001)
(-0.12192 -0.006096 0.001)
(-0.118872 -0.006096 0.001)
(-0.115824 -0.006096 0.001)
(-0.112776 -0.006096 0.001)
(-0.109728 -0.006096 0.001)
(-0.10668 -0.006096 0.001)
(-0.103632 -0.006096 0.001)
(-0.100584 -0.006096 0.001)
(-0.097536 -0.006096 0.001)
(-0.094488 -0.006096 0.001)
(-0.09144 -0.006096 0.001)
(-0.088392 -0.006096 0.001)
(-0.085344 -0.006096 0.001)
(-0.082296 -0.006096 0.001)
(-0.079248 -0.006096 0.001)
(-0.0762 -0.006096 0.001)
(-0.073152 -0.006096 0.001)
(-0.070104 -0.006096 0.001)
(-0.067056 -0.006096 0.001)
(-0.064008 -0.006096 0.001)
(-0.06096 -0.006096 0.001)
(-0.057912 -0.006096 0.001)
(-0.054864 -0.006096 0.001)
(-0.051816 -0.006096 0.001)
(-0.048768 -0.006096 0.001)
(-0.04572 -0.006096 0.001)
(-0.042672 -0.006096 0.001)
(-0.039624 -0.006096 0.001)
(-0.036576 -0.006096 0.001)
(-0.033528 -0.006096 0.001)
(-0.03048 -0.006096 0.001)
(-0.027432 -0.006096 0.001)
(-0.024384 -0.006096 0.001)
(-0.021336 -0.006096 0.001)
(-0.018288 -0.006096 0.001)
(-0.01524 -0.006096 0.001)
(-0.012192 -0.006096 0.001)
(-0.009144 -0.006096 0.001)
(-0.006096 -0.006096 0.001)
(-0.003048 -0.006096 0.001)
(0 -0.006096 0.001)
(0.003048 -0.006096 0.001)
(0.006096 -0.006096 0.001)
(0.009144 -0.006096 0.001)
(0.012192 -0.006096 0.001)
(0.01524 -0.006096 0.001)
(0.018288 -0.006096 0.001)
(0.021336 -0.006096 0.001)
(0.024384 -0.006096 0.001)
(0.027432 -0.006096 0.001)
(0.03048 -0.006096 0.001)
(0.033528 -0.006096 0.001)
(0.036576 -0.006096 0.001)
(0.039624 -0.006096 0.001)
(0.042672 -0.006096 0.001)
(0.04572 -0.006096 0.001)
(0.048768 -0.006096 0.001)
(0.051816 -0.006096 0.001)
(0.054864 -0.006096 0.001)
(0.057912 -0.006096 0.001)
(0.06096 -0.006096 0.001)
(0.064008 -0.006096 0.001)
(0.067056 -0.006096 0.001)
(0.070104 -0.006096 0.001)
(0.073152 -0.006096 0.001)
(0.0762 -0.006096 0.001)
(0.079248 -0.006096 0.001)
(0.082296 -0.006096 0.001)
(0.085344 -0.006096 0.001)
(0.088392 -0.006096 0.001)
(0.09144 -0.006096 0.001)
(0.094488 -0.006096 0.001)
(0.097536 -0.006096 0.001)
(0.100584 -0.006096 0.001)
(0.103632 -0.006096 0.001)
(0.10668 -0.006096 0.001)
(0.109728 -0.006096 0.001)
(0.112776 -0.006096 0.001)
(0.115824 -0.006096 0.001)
(0.118872 -0.006096 0.001)
(0.12192 -0.006096 0.001)
(0.124968 -0.006096 0.001)
(0.128016 -0.006096 0.001)
(0.131064 -0.006096 0.001)
(0.134112 -0.006096 0.001)
(0.13716 -0.006096 0.001)
(0.140208 -0.006096 0.001)
(0.143256 -0.006096 0.001)
(0.146304 -0.006096 0.001)
(0.149352 -0.006096 0.001)
(0.1524 -0.006096 0.001)
(-0.1524 -0.003048 0.001)
(-0.149352 -0.003048 0.001)
(-0.146304 -0.003048 0.001)
(-0.143256 -0.003048 0.001)
(-0.140208 -0.003048 0.001)
(-0.13716 -0.003048 0.001)
(-0.134112 -0.003048 0.001)
(-0.131064 -0.003048 0.001)
(-0.128016 -0.003048 0.001)
(-0.124968 -0.003048 0.001)
(-0.12192 -0.003048 0.001)
(-0.118872 -0.003048 0.001)
(-0.115824 -0.003048 0.001)
(-0.112776 -0.003048 0.001)
(-0.109728 -0.003048 0.001)
(-0.10668 -0.003048 0.001)
(-0.103632 -0.003048 0.001)
(-0.100584 -0.003048 0.001)
(-0.097536 -0.003048 0.001)
(-0.094488 -0.003048 0.001)
(-0.09144 -0.003048 0.001)
(-0.088392 -0.003048 0.001)
(-0.085344 -0.003048 0.001)
(-0.082296 -0.003048 0.001)
(-0.079248 -0.003048 0.001)
(-0.0762 -0.003048 0.001)
(-0.073152 -0.003048 0.001)
(-0.070104 -0.003048 0.001)
(-0.067056 -0.003048 0.001)
(-0.064008 -0.003048 0.001)
(-0.06096 -0.003048 0.001)
(-0.057912 -0.003048 0.001)
(-0.054864 -0.003048 0.001)
(-0.051816 -0.003048 0.001)
(-0.048768 -0.003048 0.001)
(-0.04572 -0.003048 0.001)
(-0.042672 -0.003048 0.001)
(-0.039624 -0.003048 0.001)
(-0.036576 -0.003048 0.001)
(-0.033528 -0.003048 0.001)
(-0.03048 -0.003048 0.001)
(-0.027432 -0.003048 0.001)
(-0.024384 -0.003048 0.001)
(-0.021336 -0.003048 0.001)
(-0.018288 -0.003048 0.001)
(-0.01524 -0.003048 0.001)
(-0.012192 -0.003048 0.001)
(-0.009144 -0.003048 0.001)
(-0.006096 -0.003048 0.001)
(-0.003048 -0.003048 0.001)
(0 -0.003048 0.001)
(0.003048 -0.003048 0.001)
(0.006096 -0.003048 0.001)
(0.009144 -0.003048 0.001)
(0.012192 -0.003048 0.001)
(0.01524 -0.003048 0.001)
(0.018288 -0.003048 0.001)
(0.021336 -0.003048 0.001)
(0.024384 -0.003048 0.001)
(0.027432 -0.003048 0.001)
(0.03048 -0.003048 0.001)
(0.033528 -0.003048 0.001)
(0.036576 -0.003048 0.001)
(0.039624 -0.003048 0.001)
(0.042672 -0.003048 0.001)
(0.04572 -0.003048 0.001)
(0.048768 -0.003048 0.001)
(0.051816 -0.003048 0.001)
(0.054864 -0.003048 0.001)
(0.057912 -0.003048 0.001)
(0.06096 -0.003048 0.001)
(0.064008 -0.003048 0.001)
(0.067056 -0.003048 0.001)
(0.070104 -0.003048 0.001)
(0.073152 -0.003048 0.001)
(0.0762 -0.003048 0.001)
(0.079248 -0.003048 0.001)
(0.082296 -0.003048 0.001)
(0.085344 -0.003048 0.001)
(0.088392 -0.003048 0.001)
(0.09144 -0.003048 0.001)
(0.094488 -0.003048 0.001)
(0.097536 -0.003048 0.001)
(0.100584 -0.003048 0.001)
(0.103632 -0.003048 0.001)
(0.10668 -0.003048 0.001)
(0.109728 -0.003048 0.001)
(0.112776 -0.003048 0.001)
(0.115824 -0.003048 0.001)
(0.118872 -0.003048 0.001)
(0.12192 -0.003048 0.001)
(0.124968 -0.003048 0.001)
(0.128016 -0.003048 0.001)
(0.131064 -0.003048 0.001)
(0.134112 -0.003048 0.001)
(0.13716 -0.003048 0.001)
(0.140208 -0.003048 0.001)
(0.143256 -0.003048 0.001)
(0.146304 -0.003048 0.001)
(0.149352 -0.003048 0.001)
(0.1524 -0.003048 0.001)
(-0.1524 0 0.001)
(-0.149352 0 0.001)
(-0.146304 0 0.001)
(-0.143256 0 0.001)
(-0.140208 0 0.001)
(-0.13716 0 0.001)
(-0.134112 0 0.001)
(-0.131064 0 0.001)
(-0.128016 0 0.001)
(-0.124968 0 0.001)
(-0.12192 0 0.001)
(-0.118872 0 0.001)
(-0.115824 0 0.001)
(-0.112776 0 0.001)
(-0.109728 0 0.001)
(-0.10668 0 0.001)
(-0.103632 0 0.001)
(-0.100584 0 0.001)
(-0.097536 0 0.001)
(-0.094488 0 0.001)
(-0.09144 0 0.001)
(-0.088392 0 0.001)
(-0.085344 0 0.001)
(-0.082296 0 0.001)
(-0.079248 0 0.001)
(-0.0762 0 0.001)
(-0.073152 0 0.001)
(-0.070104 0 0.001)
(-0.067056 0 0.001)
(-0.064008 0 0.001)
(-0.06096 0 0.001)
(-0.057912 0 0.001)
(-0.054864 0 0.001)
(-0.051816 0 0.001)
(-0.048768 0 0.001)
(-0.04572 0 0.001)
(-0.042672 0 0.001)
(-0.039624 0 0.001)
(-0.036576 0 0.001)
(-0.033528 0 0.001)
(-0.03048 0 0.001)
(-0.027432 0 0.001)
(-0.024384 0 0.001)
(-0.021336 0 0.001)
(-0.018288 0 0.001)
(-0.01524 0 0.001)
(-0.012192 0 0.001)
(-0.009144 0 0.001)
(-0.006096 0 0.001)
(-0.003048 0 0.001)
(0 0 0.001)
(0.003048 0 0.001)
(0.006096 0 0.001)
(0.009144 0 0.001)
(0.012192 0 0.001)
(0.01524 0 0.001)
(0.018288 0 0.001)
(0.021336 0 0.001)
(0.024384 0 0.001)
(0.027432 0 0.001)
(0.03048 0 0.001)
(0.033528 0 0.001)
(0.036576 0 0.001)
(0.039624 0 0.001)
(0.042672 0 0.001)
(0.04572 0 0.001)
(0.048768 0 0.001)
(0.051816 0 0.001)
(0.054864 0 0.001)
(0.057912 0 0.001)
(0.06096 0 0.001)
(0.064008 0 0.001)
(0.067056 0 0.001)
(0.070104 0 0.001)
(0.073152 0 0.001)
(0.0762 0 0.001)
(0.079248 0 0.001)
(0.082296 0 0.001)
(0.085344 0 0.001)
(0.088392 0 0.001)
(0.09144 0 0.001)
(0.094488 0 0.001)
(0.097536 0 0.001)
(0.100584 0 0.001)
(0.103632 0 0.001)
(0.10668 0 0.001)
(0.109728 0 0.001)
(0.112776 0 0.001)
(0.115824 0 0.001)
(0.118872 0 0.001)
(0.12192 0 0.001)
(0.124968 0 0.001)
(0.128016 0 0.001)
(0.131064 0 0.001)
(0.134112 0 0.001)
(0.13716 0 0.001)
(0.140208 0 0.001)
(0.143256 0 0.001)
(0.146304 0 0.001)
(0.149352 0 0.001)
(0.1524 0 0.001)
(-0.1524 0.003048 0.001)
(-0.149352 0.003048 0.001)
(-0.146304 0.003048 0.001)
(-0.143256 0.003048 0.001)
(-0.140208 0.003048 0.001)
(-0.13716 0.003048 0.001)
(-0.134112 0.003048 0.001)
(-0.131064 0.003048 0.001)
(-0.128016 0.003048 0.001)
(-0.124968 0.003048 0.001)
(-0.12192 0.003048 0.001)
(-0.118872 0.003048 0.001)
(-0.115824 0.003048 0.001)
(-0.112776 0.003048 0.001)
(-0.109728 0.003048 0.001)
(-0.10668 0.003048 0.001)
(-0.103632 0.003048 0.001)
(-0.100584 0.003048 0.001)
(-0.097536 0.003048 0.001)
(-0.094488 0.003048 0.001)
(-0.09144 0.003048 0.001)
(-0.088392 0.003048 0.001)
(-0.085344 0.003048 0.001)
(-0.082296 0.003048 0.001)
(-0.079248 0.003048 0.001)
(-0.0762 0.003048 0.001)
(-0.073152 0.003048 0.001)
(-0.070104 0.003048 0.001)
(-0.067056 0.003048 0.001)
(-0.064008 0.003048 0.001)
(-0.06096 0.003048 0.001)
(-0.057912 0.003048 0.001)
(-0.054864 0.003048 0.001)
(-0.051816 0.003048 0.001)
(-0.048768 0.003048 0.001)
(-0.04572 0.003048 0.001)
(-0.042672 0.003048 0.001)
(-0.039624 0.003048 0.001)
(-0.036576 0.003048 0.001)
(-0.033528 0.003048 0.001)
(-0.03048 0.003048 0.001)
(-0.027432 0.003048 0.001)
(-0.024384 0.003048 0.001)
(-0.021336 0.003048 0.001)
(-0.018288 0.003048 0.001)
(-0.01524 0.003048 0.001)
(-0.012192 0.003048 0.001)
(-0.009144 0.003048 0.001)
(-0.006096 0.003048 0.001)
(-0.003048 0.003048 0.001)
(0 0.003048 0.001)
(0.003048 0.003048 0.001)
(0.006096 0.003048 0.001)
(0.009144 0.003048 0.001)
(0.012192 0.003048 0.001)
(0.01524 0.003048 0.001)
(0.018288 0.003048 0.001)
(0.021336 0.003048 0.001)
(0.024384 0.003048 0.001)
(0.027432 0.003048 0.001)
(0.03048 0.003048 0.001)
(0.033528 0.003048 0.001)
(0.036576 0.003048 0.001)
(0.039624 0.003048 0.001)
(0.042672 0.003048 0.001)
(0.04572 0.003048 0.001)
(0.048768 0.003048 0.001)
(0.051816 0.003048 0.001)
(0.054864 0.003048 0.001)
(0.057912 0.003048 0.001)
(0.06096 0.003048 0.001)
(0.064008 0.003048 0.001)
(0.067056 0.003048 0.001)
(0.070104 0.003048 0.001)
(0.073152 0.003048 0.001)
(0.0762 0.003048 0.001)
(0.079248 0.003048 0.001)
(0.082296 0.003048 0.001)
(0.085344 0.003048 0.001)
(0.088392 0.003048 0.001)
(0.09144 0.003048 0.001)
(0.094488 0.003048 0.001)
(0.097536 0.003048 0.001)
(0.100584 0.003048 0.001)
(0.103632 0.003048 0.001)
(0.10668 0.003048 0.001)
(0.109728 0.003048 0.001)
(0.112776 0.003048 0.001)
(0.115824 0.003048 0.001)
(0.118872 0.003048 0.001)
(0.12192 0.003048 0.001)
(0.124968 0.003048 0.001)
(0.128016 0.003048 0.001)
(0.131064 0.003048 0.001)
(0.134112 0.003048 0.001)
(0.13716 0.003048 0.001)
(0.140208 0.003048 0.001)
(0.143256 0.003048 0.001)
(0.146304 0.003048 0.001)
(0.149352 0.003048 0.001)
(0.1524 0.003048 0.001)
(-0.1524 0.006096 0.001)
(-0.149352 0.006096 0.001)
(-0.146304 0.006096 0.001)
(-0.143256 0.006096 0.001)
(-0.140208 0.006096 0.001)
(-0.13716 0.006096 0.001)
(-0.134112 0.006096 0.001)
(-0.131064 0.006096 0.001)
(-0.128016 0.006096 0.001)
(-0.124968 0.006096 0.001)
(-0.12192 0.006096 0.001)
(-0.118872 0.006096 0.001)
(-0.115824 0.006096 0.001)
(-0.112776 0.006096 0.001)
(-0.109728 0.006096 0.001)
(-0.10668 0.006096 0.001)
(-0.103632 0.006096 0.001)
(-0.100584 0.006096 0.001)
(-0.097536 0.006096 0.001)
(-0.094488 0.006096 0.001)
(-0.09144 0.006096 0.001)
(-0.088392 0.006096 0.001)
(-0.085344 0.006096 0.001)
(-0.082296 0.006096 0.001)
(-0.079248 0.006096 0.001)
(-0.0762 0.006096 0.001)
(-0.073152 0.006096 0.001)
(-0.070104 0.006096 0.001)
(-0.067056 0.006096 0.001)
(-0.064008 0.006096 0.001)
(-0.06096 0.006096 0.001)
(-0.057912 0.006096 0.001)
(-0.054864 0.006096 0.001)
(-0.051816 0.006096 0.001)
(-0.048768 0.006096 0.001)
(-0.04572 0.006096 0.001)
(-0.042672 0.006096 0.001)
(-0.039624 0.006096 0.001)
(-0.036576 0.006096 0.001)
(-0.033528 0.006096 0.001)
(-0.03048 0.006096 0.001)
(-0.027432 0.006096 0.001)
(-0.024384 0.006096 0.001)
(-0.021336 0.006096 0.001)
(-0.018288 0.006096 0.001)
(-0.01524 0.006096 0.001)
(-0.012192 0.006096 0.001)
(-0.009144 0.006096 0.001)
(-0.006096 0.006096 0.001)
(-0.003048 0.006096 0.001)
(0 0.006096 0.001)
(0.003048 0.006096 0.001)
(0.006096 0.006096 0.001)
(0.009144 0.006096 0.001)
(0.012192 0.006096 0.001)
(0.01524 0.006096 0.001)
(0.018288 0.006096 0.001)
(0.021336 0.006096 0.001)
(0.024384 0.006096 0.001)
(0.027432 0.006096 0.001)
(0.03048 0.006096 0.001)
(0.033528 0.006096 0.001)
(0.036576 0.006096 0.001)
(0.039624 0.006096 0.001)
(0.042672 0.006096 0.001)
(0.04572 0.006096 0.001)
(0.048768 0.006096 0.001)
(0.051816 0.006096 0.001)
(0.054864 0.006096 0.001)
(0.057912 0.006096 0.001)
(0.06096 0.006096 0.001)
(0.064008 0.006096 0.001)
(0.067056 0.006096 0.001)
(0.070104 0.006096 0.001)
(0.073152 0.006096 0.001)
(0.0762 0.006096 0.001)
(0.079248 0.006096 0.001)
(0.082296 0.006096 0.001)
(0.085344 0.006096 0.001)
(0.088392 0.006096 0.001)
(0.09144 0.006096 0.001)
(0.094488 0.006096 0.001)
(0.097536 0.006096 0.001)
(0.100584 0.006096 0.001)
(0.103632 0.006096 0.001)
(0.10668 0.006096 0.001)
(0.109728 0.006096 0.001)
(0.112776 0.006096 0.001)
(0.115824 0.006096 0.001)
(0.118872 0.006096 0.001)
(0.12192 0.006096 0.001)
(0.124968 0.006096 0.001)
(0.128016 0.006096 0.001)
(0.131064 0.006096 0.001)
(0.134112 0.006096 0.001)
(0.13716 0.006096 0.001)
(0.140208 0.006096 0.001)
(0.143256 0.006096 0.001)
(0.146304 0.006096 0.001)
(0.149352 0.006096 0.001)
(0.1524 0.006096 0.001)
(-0.1524 0.009144 0.001)
(-0.149352 0.009144 0.001)
(-0.146304 0.009144 0.001)
(-0.143256 0.009144 0.001)
(-0.140208 0.009144 0.001)
(-0.13716 0.009144 0.001)
(-0.134112 0.009144 0.001)
(-0.131064 0.009144 0.001)
(-0.128016 0.009144 0.001)
(-0.124968 0.009144 0.001)
(-0.12192 0.009144 0.001)
(-0.118872 0.009144 0.001)
(-0.115824 0.009144 0.001)
(-0.112776 0.009144 0.001)
(-0.109728 0.009144 0.001)
(-0.10668 0.009144 0.001)
(-0.103632 0.009144 0.001)
(-0.100584 0.009144 0.001)
(-0.097536 0.009144 0.001)
(-0.094488 0.009144 0.001)
(-0.09144 0.009144 0.001)
(-0.088392 0.009144 0.001)
(-0.085344 0.009144 0.001)
(-0.082296 0.009144 0.001)
(-0.079248 0.009144 0.001)
(-0.0762 0.009144 0.001)
(-0.073152 0.009144 0.001)
(-0.070104 0.009144 0.001)
(-0.067056 0.009144 0.001)
(-0.064008 0.009144 0.001)
(-0.06096 0.009144 0.001)
(-0.057912 0.009144 0.001)
(-0.054864 0.009144 0.001)
(-0.051816 0.009144 0.001)
(-0.048768 0.009144 0.001)
(-0.04572 0.009144 0.001)
(-0.042672 0.009144 0.001)
(-0.039624 0.009144 0.001)
(-0.036576 0.009144 0.001)
(-0.033528 0.009144 0.001)
(-0.03048 0.009144 0.001)
(-0.027432 0.009144 0.001)
(-0.024384 0.009144 0.001)
(-0.021336 0.009144 0.001)
(-0.018288 0.009144 0.001)
(-0.01524 0.009144 0.001)
(-0.012192 0.009144 0.001)
(-0.009144 0.009144 0.001)
(-0.006096 0.009144 0.001)
(-0.003048 0.009144 0.001)
(0 0.009144 0.001)
(0.003048 0.009144 0.001)
(0.006096 0.009144 0.001)
(0.009144 0.009144 0.001)
(0.012192 0.009144 0.001)
(0.01524 0.009144 0.001)
(0.018288 0.009144 0.001)
(0.021336 0.009144 0.001)
(0.024384 0.009144 0.001)
(0.027432 0.009144 0.001)
(0.03048 0.009144 0.001)
(0.033528 0.009144 0.001)
(0.036576 0.009144 0.001)
(0.039624 0.009144 0.001)
(0.042672 0.009144 0.001)
(0.04572 0.009144 0.001)
(0.048768 0.009144 0.001)
(0.051816 0.009144 0.001)
(0.054864 0.009144 0.001)
(0.057912 0.009144 0.001)
(0.06096 0.009144 0.001)
(0.064008 0.009144 0.001)
(0.067056 0.009144 0.001)
(0.070104 0.009144 0.001)
(0.073152 0.009144 0.001)
(0.0762 0.009144 0.001)
(0.079248 0.009144 0.001)
(0.082296 0.009144 0.001)
(0.085344 0.009144 0.001)
(0.088392 0.009144 0.001)
(0.09144 0.009144 0.001)
(0.094488 0.009144 0.001)
(0.097536 0.009144 0.001)
(0.100584 0.009144 0.001)
(0.103632 0.009144 0.001)
(0.10668 0.009144 0.001)
(0.109728 0.009144 0.001)
(0.112776 0.009144 0.001)
(0.115824 0.009144 0.001)
(0.118872 0.009144 0.001)
(0.12192 0.009144 0.001)
(0.124968 0.009144 0.001)
(0.128016 0.009144 0.001)
(0.131064 0.009144 0.001)
(0.134112 0.009144 0.001)
(0.13716 0.009144 0.001)
(0.140208 0.009144 0.001)
(0.143256 0.009144 0.001)
(0.146304 0.009144 0.001)
(0.149352 0.009144 0.001)
(0.1524 0.009144 0.001)
(-0.1524 0.012192 0.001)
(-0.149352 0.012192 0.001)
(-0.146304 0.012192 0.001)
(-0.143256 0.012192 0.001)
(-0.140208 0.012192 0.001)
(-0.13716 0.012192 0.001)
(-0.134112 0.012192 0.001)
(-0.131064 0.012192 0.001)
(-0.128016 0.012192 0.001)
(-0.124968 0.012192 0.001)
(-0.12192 0.012192 0.001)
(-0.118872 0.012192 0.001)
(-0.115824 0.012192 0.001)
(-0.112776 0.012192 0.001)
(-0.109728 0.012192 0.001)
(-0.10668 0.012192 0.001)
(-0.103632 0.012192 0.001)
(-0.100584 0.012192 0.001)
(-0.097536 0.012192 0.001)
(-0.094488 0.012192 0.001)
(-0.09144 0.012192 0.001)
(-0.088392 0.012192 0.001)
(-0.085344 0.012192 0.001)
(-0.082296 0.012192 0.001)
(-0.079248 0.012192 0.001)
(-0.0762 0.012192 0.001)
(-0.073152 0.012192 0.001)
(-0.070104 0.012192 0.001)
(-0.067056 0.012192 0.001)
(-0.064008 0.012192 0.001)
(-0.06096 0.012192 0.001)
(-0.057912 0.012192 0.001)
(-0.054864 0.012192 0.001)
(-0.051816 0.012192 0.001)
(-0.048768 0.012192 0.001)
(-0.04572 0.012192 0.001)
(-0.042672 0.012192 0.001)
(-0.039624 0.012192 0.001)
(-0.036576 0.012192 0.001)
(-0.033528 0.012192 0.001)
(-0.03048 0.012192 0.001)
(-0.027432 0.012192 0.001)
(-0.024384 0.012192 0.001)
(-0.021336 0.012192 0.001)
(-0.018288 0.012192 0.001)
(-0.01524 0.012192 0.001)
(-0.012192 0.012192 0.001)
(-0.009144 0.012192 0.001)
(-0.006096 0.012192 0.001)
(-0.003048 0.012192 0.001)
(0 0.012192 0.001)
(0.003048 0.012192 0.001)
(0.006096 0.012192 0.001)
(0.009144 0.012192 0.001)
(0.012192 0.012192 0.001)
(0.01524 0.012192 0.001)
(0.018288 0.012192 0.001)
(0.021336 0.012192 0.001)
(0.024384 0.012192 0.001)
(0.027432 0.012192 0.001)
(0.03048 0.012192 0.001)
(0.033528 0.012192 0.001)
(0.036576 0.012192 0.001)
(0.039624 0.012192 0.001)
(0.042672 0.012192 0.001)
(0.04572 0.012192 0.001)
(0.048768 0.012192 0.001)
(0.051816 0.012192 0.001)
(0.054864 0.012192 0.001)
(0.057912 0.012192 0.001)
(0.06096 0.012192 0.001)
(0.064008 0.012192 0.001)
(0.067056 0.012192 0.001)
(0.070104 0.012192 0.001)
(0.073152 0.012192 0.001)
(0.0762 0.012192 0.001)
(0.079248 0.012192 0.001)
(0.082296 0.012192 0.001)
(0.085344 0.012192 0.001)
(0.088392 0.012192 0.001)
(0.09144 0.012192 0.001)
(0.094488 0.012192 0.001)
(0.097536 0.012192 0.001)
(0.100584 0.012192 0.001)
(0.103632 0.012192 0.001)
(0.10668 0.012192 0.001)
(0.109728 0.012192 0.001)
(0.112776 0.012192 0.001)
(0.115824 0.012192 0.001)
(0.118872 0.012192 0.001)
(0.12192 0.012192 0.001)
(0.124968 0.012192 0.001)
(0.128016 0.012192 0.001)
(0.131064 0.012192 0.001)
(0.134112 0.012192 0.001)
(0.13716 0.012192 0.001)
(0.140208 0.012192 0.001)
(0.143256 0.012192 0.001)
(0.146304 0.012192 0.001)
(0.149352 0.012192 0.001)
(0.1524 0.012192 0.001)
(-0.1524 0.01524 0.001)
(-0.149352 0.01524 0.001)
(-0.146304 0.01524 0.001)
(-0.143256 0.01524 0.001)
(-0.140208 0.01524 0.001)
(-0.13716 0.01524 0.001)
(-0.134112 0.01524 0.001)
(-0.131064 0.01524 0.001)
(-0.128016 0.01524 0.001)
(-0.124968 0.01524 0.001)
(-0.12192 0.01524 0.001)
(-0.118872 0.01524 0.001)
(-0.115824 0.01524 0.001)
(-0.112776 0.01524 0.001)
(-0.109728 0.01524 0.001)
(-0.10668 0.01524 0.001)
(-0.103632 0.01524 0.001)
(-0.100584 0.01524 0.001)
(-0.097536 0.01524 0.001)
(-0.094488 0.01524 0.001)
(-0.09144 0.01524 0.001)
(-0.088392 0.01524 0.001)
(-0.085344 0.01524 0.001)
(-0.082296 0.01524 0.001)
(-0.079248 0.01524 0.001)
(-0.0762 0.01524 0.001)
(-0.073152 0.01524 0.001)
(-0.070104 0.01524 0.001)
(-0.067056 0.01524 0.001)
(-0.064008 0.01524 0.001)
(-0.06096 0.01524 0.001)
(-0.057912 0.01524 0.001)
(-0.054864 0.01524 0.001)
(-0.051816 0.01524 0.001)
(-0.048768 0.01524 0.001)
(-0.04572 0.01524 0.001)
(-0.042672 0.01524 0.001)
(-0.039624 0.01524 0.001)
(-0.036576 0.01524 0.001)
(-0.033528 0.01524 0.001)
(-0.03048 0.01524 0.001)
(-0.027432 0.01524 0.001)
(-0.024384 0.01524 0.001)
(-0.021336 0.01524 0.001)
(-0.018288 0.01524 0.001)
(-0.01524 0.01524 0.001)
(-0.012192 0.01524 0.001)
(-0.009144 0.01524 0.001)
(-0.006096 0.01524 0.001)
(-0.003048 0.01524 0.001)
(0 0.01524 0.001)
(0.003048 0.01524 0.001)
(0.006096 0.01524 0.001)
(0.009144 0.01524 0.001)
(0.012192 0.01524 0.001)
(0.01524 0.01524 0.001)
(0.018288 0.01524 0.001)
(0.021336 0.01524 0.001)
(0.024384 0.01524 0.001)
(0.027432 0.01524 0.001)
(0.03048 0.01524 0.001)
(0.033528 0.01524 0.001)
(0.036576 0.01524 0.001)
(0.039624 0.01524 0.001)
(0.042672 0.01524 0.001)
(0.04572 0.01524 0.001)
(0.048768 0.01524 0.001)
(0.051816 0.01524 0.001)
(0.054864 0.01524 0.001)
(0.057912 0.01524 0.001)
(0.06096 0.01524 0.001)
(0.064008 0.01524 0.001)
(0.067056 0.01524 0.001)
(0.070104 0.01524 0.001)
(0.073152 0.01524 0.001)
(0.0762 0.01524 0.001)
(0.079248 0.01524 0.001)
(0.082296 0.01524 0.001)
(0.085344 0.01524 0.001)
(0.088392 0.01524 0.001)
(0.09144 0.01524 0.001)
(0.094488 0.01524 0.001)
(0.097536 0.01524 0.001)
(0.100584 0.01524 0.001)
(0.103632 0.01524 0.001)
(0.10668 0.01524 0.001)
(0.109728 0.01524 0.001)
(0.112776 0.01524 0.001)
(0.115824 0.01524 0.001)
(0.118872 0.01524 0.001)
(0.12192 0.01524 0.001)
(0.124968 0.01524 0.001)
(0.128016 0.01524 0.001)
(0.131064 0.01524 0.001)
(0.134112 0.01524 0.001)
(0.13716 0.01524 0.001)
(0.140208 0.01524 0.001)
(0.143256 0.01524 0.001)
(0.146304 0.01524 0.001)
(0.149352 0.01524 0.001)
(0.1524 0.01524 0.001)
)


// ************************************************************************* //
