/*--------------------------------*- C++ -*----------------------------------*\
| =========                 |                                                 |
| \\      /  F ield         | OpenFOAM: The Open Source CFD Toolbox           |
|  \\    /   O peration     | Version:  2.3.0                                 |
|   \\  /    A nd           | Web:      www.OpenFOAM.org                      |
|    \\/     M anipulation  |                                                 |
\*---------------------------------------------------------------------------*/
FoamFile
{
    version     2.0;
    format      ascii;
    class       volScalarField;
    location    "0";
    object      T;
}
// * * * * * * * * * * * * * * * * * * * * * * * * * * * * * * * * * * * * * //

dimensions      [0 0 0 1 0 0 0];

internalField   nonuniform List<scalar> 
1000
(
289.89
289.89
289.89
289.89
289.89
289.89
289.89
289.89
289.89
289.89
289.89
289.89
289.89
289.89
289.89
289.89
289.89
289.89
289.89
289.89
289.89
289.89
289.89
289.89
289.89
289.89
289.89
289.89
289.89
289.89
289.89
289.89
289.89
289.89
289.89
289.89
289.89
289.89
289.89
289.89
289.89
289.89
289.89
289.89
289.89
289.89
289.89
289.89
289.89
289.89
288.89
288.89
288.89
288.89
288.89
288.89
288.89
288.89
288.89
288.89
288.89
288.89
288.89
288.89
288.89
288.89
288.89
288.89
288.89
288.89
288.89
288.89
288.89
288.89
288.89
288.89
288.89
288.89
288.89
288.89
288.89
288.89
288.89
288.89
288.89
288.89
288.89
288.89
288.89
288.89
288.89
288.89
288.89
288.89
288.89
288.89
288.89
288.89
288.89
288.89
289.89
289.89
289.89
289.89
289.89
289.89
289.89
289.89
289.89
289.89
289.89
289.89
289.89
289.89
289.89
289.89
289.89
289.89
289.89
289.89
289.89
289.89
289.89
289.89
289.89
289.89
289.89
289.89
289.89
289.89
289.89
289.89
289.89
289.89
289.89
289.89
289.89
289.89
289.89
289.89
289.89
289.89
289.89
289.89
289.89
289.89
289.89
289.89
289.89
289.89
288.89
288.89
288.89
288.89
288.89
288.89
288.89
288.89
288.89
288.89
288.89
288.89
288.89
288.89
288.89
288.89
288.89
288.89
288.89
288.89
288.89
288.89
288.89
288.89
288.89
288.89
288.89
288.89
288.89
288.89
288.89
288.89
288.89
288.89
288.89
288.89
288.89
288.89
288.89
288.89
288.89
288.89
288.89
288.89
288.89
288.89
288.89
288.89
288.89
288.89
289.89
289.89
289.89
289.89
289.89
289.89
289.89
289.89
289.89
289.89
289.89
289.89
289.89
289.89
289.89
289.89
289.89
289.89
289.89
289.89
289.89
289.89
289.89
289.89
289.89
289.89
289.89
289.89
289.89
289.89
289.89
289.89
289.89
289.89
289.89
289.89
289.89
289.89
289.89
289.89
289.89
289.89
289.89
289.89
289.89
289.89
289.89
289.89
289.89
289.89
288.89
288.89
288.89
288.89
288.89
288.89
288.89
288.89
288.89
288.89
288.89
288.89
288.89
288.89
288.89
288.89
288.89
288.89
288.89
288.89
288.89
288.89
288.89
288.89
288.89
288.89
288.89
288.89
288.89
288.89
288.89
288.89
288.89
288.89
288.89
288.89
288.89
288.89
288.89
288.89
288.89
288.89
288.89
288.89
288.89
288.89
288.89
288.89
288.89
288.89
289.89
289.89
289.89
289.89
289.89
289.89
289.89
289.89
289.89
289.89
289.89
289.89
289.89
289.89
289.89
289.89
289.89
289.89
289.89
289.89
289.89
289.89
289.89
289.89
289.89
289.89
289.89
289.89
289.89
289.89
289.89
289.89
289.89
289.89
289.89
289.89
289.89
289.89
289.89
289.89
289.89
289.89
289.89
289.89
289.89
289.89
289.89
289.89
289.89
289.89
288.89
288.89
288.89
288.89
288.89
288.89
288.89
288.89
288.89
288.89
288.89
288.89
288.89
288.89
288.89
288.89
288.89
288.89
288.89
288.89
288.89
288.89
288.89
288.89
288.89
288.89
288.89
288.89
288.89
288.89
288.89
288.89
288.89
288.89
288.89
288.89
288.89
288.89
288.89
288.89
288.89
288.89
288.89
288.89
288.89
288.89
288.89
288.89
288.89
288.89
289.89
289.89
289.89
289.89
289.89
289.89
289.89
289.89
289.89
289.89
289.89
289.89
289.89
289.89
289.89
289.89
289.89
289.89
289.89
289.89
289.89
289.89
289.89
289.89
289.89
289.89
289.89
289.89
289.89
289.89
289.89
289.89
289.89
289.89
289.89
289.89
289.89
289.89
289.89
289.89
289.89
289.89
289.89
289.89
289.89
289.89
289.89
289.89
289.89
289.89
288.89
288.89
288.89
288.89
288.89
288.89
288.89
288.89
288.89
288.89
288.89
288.89
288.89
288.89
288.89
288.89
288.89
288.89
288.89
288.89
288.89
288.89
288.89
288.89
288.89
288.89
288.89
288.89
288.89
288.89
288.89
288.89
288.89
288.89
288.89
288.89
288.89
288.89
288.89
288.89
288.89
288.89
288.89
288.89
288.89
288.89
288.89
288.89
288.89
288.89
289.89
289.89
289.89
289.89
289.89
289.89
289.89
289.89
289.89
289.89
289.89
289.89
289.89
289.89
289.89
289.89
289.89
289.89
289.89
289.89
289.89
289.89
289.89
289.89
289.89
289.89
289.89
289.89
289.89
289.89
289.89
289.89
289.89
289.89
289.89
289.89
289.89
289.89
289.89
289.89
289.89
289.89
289.89
289.89
289.89
289.89
289.89
289.89
289.89
289.89
288.89
288.89
288.89
288.89
288.89
288.89
288.89
288.89
288.89
288.89
288.89
288.89
288.89
288.89
288.89
288.89
288.89
288.89
288.89
288.89
288.89
288.89
288.89
288.89
288.89
288.89
288.89
288.89
288.89
288.89
288.89
288.89
288.89
288.89
288.89
288.89
288.89
288.89
288.89
288.89
288.89
288.89
288.89
288.89
288.89
288.89
288.89
288.89
288.89
288.89
289.89
289.89
289.89
289.89
289.89
289.89
289.89
289.89
289.89
289.89
289.89
289.89
289.89
289.89
289.89
289.89
289.89
289.89
289.89
289.89
289.89
289.89
289.89
289.89
289.89
289.89
289.89
289.89
289.89
289.89
289.89
289.89
289.89
289.89
289.89
289.89
289.89
289.89
289.89
289.89
289.89
289.89
289.89
289.89
289.89
289.89
289.89
289.89
289.89
289.89
288.89
288.89
288.89
288.89
288.89
288.89
288.89
288.89
288.89
288.89
288.89
288.89
288.89
288.89
288.89
288.89
288.89
288.89
288.89
288.89
288.89
288.89
288.89
288.89
288.89
288.89
288.89
288.89
288.89
288.89
288.89
288.89
288.89
288.89
288.89
288.89
288.89
288.89
288.89
288.89
288.89
288.89
288.89
288.89
288.89
288.89
288.89
288.89
288.89
288.89
289.89
289.89
289.89
289.89
289.89
289.89
289.89
289.89
289.89
289.89
289.89
289.89
289.89
289.89
289.89
289.89
289.89
289.89
289.89
289.89
289.89
289.89
289.89
289.89
289.89
289.89
289.89
289.89
289.89
289.89
289.89
289.89
289.89
289.89
289.89
289.89
289.89
289.89
289.89
289.89
289.89
289.89
289.89
289.89
289.89
289.89
289.89
289.89
289.89
289.89
288.89
288.89
288.89
288.89
288.89
288.89
288.89
288.89
288.89
288.89
288.89
288.89
288.89
288.89
288.89
288.89
288.89
288.89
288.89
288.89
288.89
288.89
288.89
288.89
288.89
288.89
288.89
288.89
288.89
288.89
288.89
288.89
288.89
288.89
288.89
288.89
288.89
288.89
288.89
288.89
288.89
288.89
288.89
288.89
288.89
288.89
288.89
288.89
288.89
288.89
289.89
289.89
289.89
289.89
289.89
289.89
289.89
289.89
289.89
289.89
289.89
289.89
289.89
289.89
289.89
289.89
289.89
289.89
289.89
289.89
289.89
289.89
289.89
289.89
289.89
289.89
289.89
289.89
289.89
289.89
289.89
289.89
289.89
289.89
289.89
289.89
289.89
289.89
289.89
289.89
289.89
289.89
289.89
289.89
289.89
289.89
289.89
289.89
289.89
289.89
288.89
288.89
288.89
288.89
288.89
288.89
288.89
288.89
288.89
288.89
288.89
288.89
288.89
288.89
288.89
288.89
288.89
288.89
288.89
288.89
288.89
288.89
288.89
288.89
288.89
288.89
288.89
288.89
288.89
288.89
288.89
288.89
288.89
288.89
288.89
288.89
288.89
288.89
288.89
288.89
288.89
288.89
288.89
288.89
288.89
288.89
288.89
288.89
288.89
288.89
289.89
289.89
289.89
289.89
289.89
289.89
289.89
289.89
289.89
289.89
289.89
289.89
289.89
289.89
289.89
289.89
289.89
289.89
289.89
289.89
289.89
289.89
289.89
289.89
289.89
289.89
289.89
289.89
289.89
289.89
289.89
289.89
289.89
289.89
289.89
289.89
289.89
289.89
289.89
289.89
289.89
289.89
289.89
289.89
289.89
289.89
289.89
289.89
289.89
289.89
288.89
288.89
288.89
288.89
288.89
288.89
288.89
288.89
288.89
288.89
288.89
288.89
288.89
288.89
288.89
288.89
288.89
288.89
288.89
288.89
288.89
288.89
288.89
288.89
288.89
288.89
288.89
288.89
288.89
288.89
288.89
288.89
288.89
288.89
288.89
288.89
288.89
288.89
288.89
288.89
288.89
288.89
288.89
288.89
288.89
288.89
288.89
288.89
288.89
288.89
)
;

boundaryField
{
    sides
    {
        type            zeroGradient;
    }
    empty
    {
        type            empty;
    }
}


// ************************************************************************* //
